trip_id,arrival_time,departure_time,stop_id,stop_sequence,stop_headsign,pickup_type,drop_off_type,shape_dist_traveled,timepoint
15501412,24:46:00,24:46:00,11295,1,,0,0,,1
15501412,25:06:00,25:06:00,11279,10,,0,0,11.1545,1
15501412,25:07:00,25:07:00,11277,11,,0,0,11.5436,1
15501412,25:09:00,25:09:00,11275,12,,0,0,12.526,1
15501412,25:11:00,25:11:00,11273,13,,0,0,13.7046,1
15501412,25:13:00,25:13:00,11303,14,,1,0,14.1459,1
15501412,24:48:00,24:48:00,11293,2,,0,0,0.7493,1
15501412,24:50:00,24:50:00,11291,3,,0,0,1.7877,1
15501412,24:51:00,24:51:00,12946,4,,0,0,2.4253,1
15501412,24:53:00,24:53:00,11289,5,,0,0,3.3384,1
15501412,24:56:00,24:56:00,11287,6,,0,0,5.1704,1
15501412,24:58:00,24:58:00,11285,7,,0,0,6.9583,1
15501412,25:00:00,25:00:00,11283,8,,0,0,7.7677,1
15501412,25:03:00,25:03:00,11281,9,,0,0,9.6126,1
15501413,24:54:00,24:54:00,11301,1,,0,0,,1
15501413,25:15:00,25:15:00,11277,10,,0,0,12.3115,1
15501413,25:16:00,25:16:00,11275,11,,0,0,13.2939,1
15501413,25:19:00,25:19:00,11273,12,,0,0,14.4725,1
15501413,25:20:00,25:20:00,11303,13,,1,0,14.9138,1
15501413,24:56:00,24:56:00,11299,2,,0,0,1.4394,1
15501413,24:58:00,24:58:00,11297,3,,0,0,2.4948,1
15501413,25:01:00,25:01:00,11289,4,,0,0,4.1063,1
15501413,25:04:00,25:04:00,11287,5,,0,0,5.9384,1
15501413,25:06:00,25:06:00,11285,6,,0,0,7.7262,1
15501413,25:07:00,25:07:00,11283,7,,0,0,8.5356,1
15501413,25:11:00,25:11:00,11281,8,,0,0,10.3805,1
15501413,25:13:00,25:13:00,11279,9,,0,0,11.9224,1
15501732,25:08:00,25:08:00,11302,1,,0,0,,1
15501732,25:27:00,25:27:00,11288,10,,0,0,10.8066,1
15501732,25:30:00,25:30:00,11296,11,,0,0,12.419,1
15501732,25:32:00,25:32:00,11298,12,,0,0,13.4743,1
15501732,25:34:00,25:34:00,11300,13,,1,0,14.8741,1
15501732,25:09:00,25:09:00,11272,2,,0,0,0.4406,1
15501732,25:11:00,25:11:00,11274,3,,0,0,1.6177,1
15501732,25:13:00,25:13:00,11276,4,,0,0,2.6026,1
15501732,25:15:00,25:15:00,11278,5,,0,0,2.9944,1
15501732,25:17:00,25:17:00,11280,6,,0,0,4.5332,1
15501732,25:20:00,25:20:00,11282,7,,0,0,6.0571,1
15501732,25:21:00,25:21:00,11284,8,,0,0,7.1885,1
15501732,25:24:00,25:24:00,11286,9,,0,0,8.9754,1
15501733,25:15:00,25:15:00,11302,1,,0,0,,1
15501733,25:34:00,25:34:00,11288,10,,0,0,10.8066,1
15501733,25:36:00,25:36:00,12947,11,,0,0,11.7227,1
15501733,25:38:00,25:38:00,11290,12,,0,0,12.3592,1
15501733,25:40:00,25:40:00,11292,13,,0,0,13.3966,1
15501733,25:41:00,25:41:00,11294,14,,1,0,14.1459,1
15501733,25:17:00,25:17:00,11272,2,,0,0,0.4406,1
15501733,25:19:00,25:19:00,11274,3,,0,0,1.6177,1
15501733,25:21:00,25:21:00,11276,4,,0,0,2.6026,1
15501733,25:22:00,25:22:00,11278,5,,0,0,2.9944,1
15501733,25:24:00,25:24:00,11280,6,,0,0,4.5332,1
15501733,25:27:00,25:27:00,11282,7,,0,0,6.0571,1
15501733,25:29:00,25:29:00,11284,8,,0,0,7.1885,1
15501733,25:32:00,25:32:00,11286,9,,0,0,8.9754,1
15521560,25:22:00,25:22:00,10374,1,,0,0,,1
15521560,25:40:00,25:40:00,8756,10,,0,0,12.6412,1
15521560,25:43:00,25:43:00,8755,11,,0,0,14.322,1
15521560,25:46:00,25:46:00,12229,12,,0,0,16.2653,1
15521560,25:50:00,25:50:00,12231,13,,0,0,20.5415,1
15521560,25:52:00,25:52:00,12233,14,,0,0,21.8419,1
15521560,25:55:00,25:55:00,12235,15,,0,0,23.9179,1
15521560,25:57:00,25:57:00,12237,16,,0,0,24.7762,1
15521560,25:58:00,25:58:00,12239,17,,1,0,25.3901,1
15521560,25:24:00,25:24:00,8763,2,,0,0,0.8452,1
15521560,25:26:00,25:26:00,8762,3,,0,0,2.7085,1
15521560,25:27:00,25:27:00,8761,4,,0,0,3.6574,1
15521560,25:30:00,25:30:00,8760,5,,0,0,5.2739,1
15521560,25:31:00,25:31:00,8759,6,,0,0,6.1908,1
15521560,25:33:00,25:33:00,8758,7,,0,0,7.6693,1
15521560,25:35:00,25:35:00,8757,8,,0,0,9.1586,1
15521560,25:38:00,25:38:00,9511,9,,0,0,11.082,1
15521850,25:00:00,25:00:00,12238,1,,0,0,,1
15521850,25:22:00,25:22:00,8748,10,,0,0,16.2324,1
15521850,25:24:00,25:24:00,8749,11,,0,0,17.7207,1
15521850,25:26:00,25:26:00,8750,12,,0,0,19.2003,1
15521850,25:28:00,25:28:00,8751,13,,0,0,20.1161,1
15521850,25:30:00,25:30:00,8752,14,,0,0,21.7326,1
15521850,25:31:00,25:31:00,8753,15,,0,0,22.6815,1
15521850,25:34:00,25:34:00,8754,16,,0,0,24.5448,1
15521850,25:36:00,25:36:00,10375,17,,1,0,25.392,1
15521850,25:01:00,25:01:00,12236,2,,0,0,0.6241,1
15521850,25:03:00,25:03:00,12234,3,,0,0,1.4735,1
15521850,25:05:00,25:05:00,12232,4,,0,0,3.5514,1
15521850,25:07:00,25:07:00,12230,5,,0,0,4.8486,1
15521850,25:12:00,25:12:00,12228,6,,0,0,9.1247,1
15521850,25:15:00,25:15:00,12227,7,,0,0,11.0695,1
15521850,25:17:00,25:17:00,8747,8,,0,0,12.7489,1
15521850,25:19:00,25:19:00,9510,9,,0,0,14.309,1
15522351,24:39:00,24:39:00,8039,1,,0,0,,1
15522351,24:56:00,24:56:00,8048,10,,0,0,11.5765,1
15522351,24:58:00,24:58:00,8049,11,,0,0,12.3657,1
15522351,25:00:00,25:00:00,8050,12,,0,0,13.6697,1
15522351,25:03:00,25:03:00,8051,13,,0,0,16.1496,1
15522351,25:05:00,25:05:00,8052,14,,0,0,18.1453,1
15522351,25:08:00,25:08:00,8053,15,,0,0,21.0723,1
15522351,25:10:00,25:10:00,8054,16,,0,0,21.6761,1
15522351,25:13:00,25:13:00,8580,17,,0,0,24.278,1
15522351,25:15:00,25:15:00,8578,18,,0,0,25.3926,1
15522351,25:21:00,25:21:00,8746,19,,0,0,27.4884,1
15522351,24:41:00,24:41:00,8040,2,,0,0,0.9649,1
15522351,25:23:00,25:23:00,8747,20,,1,0,29.168,1
15522351,24:42:00,24:42:00,8041,3,,0,0,1.3554,1
15522351,24:43:00,24:43:00,8042,4,,0,0,2.0074,1
15522351,24:45:00,24:45:00,8043,5,,0,0,3.0568,1
15522351,24:49:00,24:49:00,8044,6,,0,0,5.7771,1
15522351,24:51:00,24:51:00,8045,7,,0,0,7.7886,1
15522351,24:53:00,24:53:00,8046,8,,0,0,8.6348,1
15522351,24:54:00,24:54:00,8047,9,,0,0,9.872,1
15522366,25:16:00,25:16:00,8039,1,,0,0,,1
15522366,25:33:00,25:33:00,8048,10,,0,0,11.5765,1
15522366,25:35:00,25:35:00,8049,11,,0,0,12.3657,1
15522366,25:36:00,25:36:00,8050,12,,0,0,13.6697,1
15522366,25:39:00,25:39:00,8051,13,,0,0,16.1496,1
15522366,25:42:00,25:42:00,8052,14,,0,0,18.1453,1
15522366,25:45:00,25:45:00,8053,15,,0,0,21.0723,1
15522366,25:46:00,25:46:00,8054,16,,0,0,21.6761,1
15522366,25:49:00,25:49:00,8055,17,,0,0,24.1648,1
15522366,25:52:00,25:52:00,8056,18,,0,0,26.4985,1
15522366,25:54:00,25:54:00,8057,19,,0,0,27.5882,1
15522366,25:17:00,25:17:00,8040,2,,0,0,0.9649,1
15522366,25:55:00,25:55:00,8058,20,,1,0,28.4229,1
15522366,25:19:00,25:19:00,8041,3,,0,0,1.3554,1
15522366,25:20:00,25:20:00,8042,4,,0,0,2.0074,1
15522366,25:22:00,25:22:00,8043,5,,0,0,3.0568,1
15522366,25:25:00,25:25:00,8044,6,,0,0,5.7771,1
15522366,25:28:00,25:28:00,8045,7,,0,0,7.7886,1
15522366,25:29:00,25:29:00,8046,8,,0,0,8.6348,1
15522366,25:31:00,25:31:00,8047,9,,0,0,9.872,1
15522858,24:38:00,24:38:00,8059,1,,0,0,,1
15522858,24:59:00,24:59:00,8068,10,,0,0,16.0312,1
15522858,25:00:00,25:00:00,8069,11,,0,0,16.8478,1
15522858,25:02:00,25:02:00,8070,12,,0,0,18.55,1
15522858,25:04:00,25:04:00,8071,13,,0,0,19.7894,1
15522858,25:06:00,25:06:00,8072,14,,0,0,20.6343,1
15522858,25:08:00,25:08:00,8073,15,,0,0,22.6468,1
15522858,25:12:00,25:12:00,8074,16,,0,0,25.3641,1
15522858,25:14:00,25:14:00,8075,17,,0,0,26.4184,1
15522858,25:15:00,25:15:00,8076,18,,0,0,27.0682,1
15522858,25:16:00,25:16:00,8077,19,,0,0,27.458,1
15522858,24:39:00,24:39:00,8060,2,,0,0,0.8367,1
15522858,25:18:00,25:18:00,8078,20,,1,0,28.4229,1
15522858,24:41:00,24:41:00,8061,3,,0,0,1.9264,1
15522858,24:43:00,24:43:00,8062,4,,0,0,4.2581,1
15522858,24:47:00,24:47:00,8063,5,,0,0,6.7454,1
15522858,24:48:00,24:48:00,8064,6,,0,0,7.3506,1
15522858,24:51:00,24:51:00,8065,7,,0,0,10.2776,1
15522858,24:54:00,24:54:00,8066,8,,0,0,12.2733,1
15522858,24:57:00,24:57:00,8067,9,,0,0,14.7542,1
15522878,25:28:00,25:28:00,8756,1,,0,0,,1
15522878,25:30:00,25:30:00,8755,2,,0,0,1.6804,1
15522878,25:33:00,25:33:00,8577,3,,0,0,3.7744,1
15522878,25:35:00,25:35:00,8579,4,,0,0,4.8878,1
15522878,25:39:00,25:39:00,8063,5,,0,0,7.4904,1
15522878,25:40:00,25:40:00,8064,6,,1,0,8.0957,1
