shape_id,shape_pt_lat,shape_pt_lon,shape_pt_sequence,shape_dist_traveled
omjh,39.4083996,-76.7829216,1,0
omjh,39.4082504,-76.7824817,2,1.100421
omjh,39.4080556,-76.7818916,3,1.2507
omjh,39.4078566,-76.7813283,4,1.313104
omjh,39.4076494,-76.7807382,5,1.333104
omjh,39.4073592,-76.7799014,6,1.40897
omjh,39.407161,-76.779415,7,1.50897
omjh,39.40655,-76.77739,8,1.765489
omjh,39.406107,-76.775496,9,1.865489
omjh,39.406,-76.77485,10,1.95433
omjh,39.40587,-76.77403,11,2.05433
omjh,39.405747,-76.773348,12,2.15433
omjh,39.40484,-76.769625,13,2.289724
omjh,39.403204,-76.766771,14,2.595048
omjh,39.400981,-76.764713,15,2.89897
omjh,39.398378,-76.763587,16,3.204153
omjh,39.395676,-76.76328,17,3.505758
omjh,39.392935,-76.763227,18,3.810577
omjh,39.389887,-76.762137,19,4.162205
omjh,39.38828,-76.760472,20,4.391124
omjh,39.386034,-76.757847,21,4.727671
omjh,39.384076,-76.755912,22,5.001637
omjh,39.381424,-76.754198,23,5.331273
omjh,39.379002,-76.753285,24,5.611786
omjh,39.376316,-76.752046,25,5.928874
omjh,39.373881,-76.74915,26,6.296671
omjh,39.3734,-76.74833,27,6.362811
omjh,39.37301,-76.74833,28,6.462811
omjh,39.37254,-76.74659,30,6.562811
omjh,39.372073,-76.74559,31,6.662811
omjh,39.371586,-76.744827,32,6.747864
omjh,39.370919,-76.7435,33,6.883924
omjh,39.369884,-76.741163,34,7.115444
omjh,39.369401,-76.738174,35,7.377936
omjh,39.369338,-76.735271,36,7.627581
omjh,39.369243,-76.731915,37,7.916262
omjh,39.368645,-76.729193,38,8.159516
omjh,39.365627,-76.7247,39,8.671178
omjh,39.363809,-76.722401,40,8.953891
omjh,39.362284,-76.721306,41,9.14784100001
omjh,39.36103,-76.7209,42,9.29158200001
omjh,39.36069,-76.72086,43,9.31189200001
omjh,39.3605,-76.72081,44,9.35189200001
omjh,39.360239,-76.720787,45,9.380398
omjh,39.35875,-76.72041,46,9.480398
omjh,39.357917,-76.720055,47,9.646152
omjh,39.355906,-76.716985,48,9.992089
omjh,39.354491,-76.712036,49,10.44575800001
omjh,39.354086,-76.710723,50,10.567301
omjh,39.35345,-76.708383,51,10.780564
omjh,39.353224,-76.707822,52,10.83495300001
omjh,39.352781,-76.706367,54,10.96940500001
omjh,39.352283,-76.705383,55,11.07052200001
omjh,39.351563,-76.704079,56,11.20829400001
omjh,39.35146,-76.70384,57,11.22829400001
omjh,39.351378,-76.703553,58,11.25798000001
omjh,39.35131,-76.70348,59,11.26798000001
omjh,39.351218,-76.703396,60,11.28031300001
omjh,39.35053,-76.7022,61,11.48031300001
omjh,39.349848,-76.701019,62,11.53522500001
omjh,39.348165,-76.697997,63,11.85545100001
omjh,39.347107,-76.695988,64,12.06445600001
omjh,39.34702,-76.69582,65,12.07445600001
omjh,39.34693,-76.69563,66,12.08445600001
omjh,39.346832,-76.695395,67,12.12391400001
omjh,39.346473,-76.694935,68,12.18011100001
omjh,39.3464,-76.6946,69,12.19011100001
omjh,39.346287,-76.694604,70,12.21529500001
omjh,39.34608,-76.69413,71,12.26529500001
omjh,39.345884,-76.693679,72,12.30659100001
omjh,39.34579,-76.6936,73,12.31659100001
omjh,39.345671,-76.693492,74,12.33521800001
omjh,39.344865,-76.691836,75,12.50347500001
omjh,39.343726,-76.689951,76,12.70918300001
omjh,39.342207,-76.685746,77,13.10829200001
omjh,39.340524,-76.680225,78,13.61862800001
omjh,39.33953,-76.677246,79,13.89764100001
omjh,39.337086,-76.673645,80,14.30965900001
omjh,39.336253,-76.672408,81,14.45071600001
omjh,39.334749,-76.669206,82,14.77290200001
omjh,39.334414,-76.667966,83,14.88586600001
omjh,39.332749,-76.666004,84,15.13636700001
omjh,39.330754,-76.664983,85,15.37494900001
omjh,39.329133,-76.664438,86,15.56119200001
omjh,39.328042,-76.664124,87,15.68547600001
omjh,39.326021,-76.663852,88,15.91141600001
omjh,39.32336,-76.662982,89,16.21662200001
omjh,39.320005,-76.658205,90,16.77162500001
omjh,39.318671,-76.654152,91,17.15052000001
omjh,39.318323,-76.653595,92,17.21211000001
omjh,39.31519,-76.64867,93,17.76062600001
omjh,39.314241,-76.647659,94,17.89737400001
omjh,39.311872,-76.644563,95,18.27198600001
omjh,39.310412,-76.642979,96,18.48394600001
omjh,39.307574,-76.639557,97,18.91553100001
omjh,39.305349,-76.63687,98,19.25414400001
omjh,39.304178,-76.635478,99,19.43106000001
omjh,39.304035,-76.633246,100,19.62376300001
omjh,39.303995,-76.628549,101,20.02792800001
omjh,39.301997,-76.623693,102,20.50114900001
omjh,39.30169,-76.623314,103,20.54835900001
omjh,39.30151,-76.6231,104,20.58835900001
omjh,39.301157,-76.622734,105,20.62583900001
omjh,39.299004,-76.621633,106,20.88330500001
omjh,39.297022,-76.621449,107,21.10426100001
omjh,39.293214,-76.621016,108,21.52932800001
omjh,39.291593,-76.620996,109,21.70958300001
omjh,39.290317,-76.620664,110,21.85431600001
omjh,39.289349,-76.617272,111,22.16544200001
omjh,39.289391,-76.615955,112,22.27887900001
omjh,39.289456,-76.61476,113,22.38197400001
omjh,39.28951,-76.6138,114,22.48197400001
omjh,39.289517,-76.61311,115,22.52413500001
omjh,39.289617,-76.610794,116,22.534135
omjh,39.289698,-76.608806,117,22.54413499999
omjh,39.289808,-76.60631,118,22.55413499998
omjh,39.289949,-76.604692,119,22.56413499997
omjh,39.290057,-76.603319,120,22.57413499996
omjh,39.29023,-76.600982,121,22.58413499995
omjh,39.290333,-76.599555,122,22.59413499994
omjh,39.290507,-76.598273,123,22.60413499993
omjh,39.291706,-76.594799,124,22.61413499992
omjh,39.293351,-76.594137,125,22.62413499991
omjh,39.294935,-76.594257,126,22.6341349999
omjh,39.29551,-76.59426,127,22.64413499989
omjh,39.295933,-76.594199,128,22.65413499988
omjh,39.29663,-76.59424,129,22.66413499987
omjh,39.29687,-76.59412,130,22.67413499986
omjh,39.2971,-76.59418,131,22.68413499985
omjh,39.297218,-76.59414,132,23.9267
rpjh,39.353224,-76.707822,1,0
rpjh,39.352781,-76.706367,3,0.134452
rpjh,39.352283,-76.705383,4,0.235569
rpjh,39.351563,-76.704079,5,0.373341
rpjh,39.35146,-76.70384,6,0.393341
rpjh,39.351378,-76.703553,7,0.423027
rpjh,39.35131,-76.70348,8,0.433027
rpjh,39.351218,-76.703396,9,0.44536
rpjh,39.35053,-76.70220,10,0.64536
rpjh,39.349848,-76.701019,11,0.700272
rpjh,39.348165,-76.697997,12,1.020498
rpjh,39.347107,-76.695988,13,1.229503
rpjh,39.34702,-76.69582,14,1.249503
rpjh,39.34693,-76.69563,15,1.269503
rpjh,39.346832,-76.695395,16,1.288961
rpjh,39.346473,-76.694935,17,1.345158
rpjh,39.34640,-76.69480,18,1.365158
rpjh,39.346287,-76.694604,19,1.380342
rpjh,39.34608,-76.69413,20,1.420342
rpjh,39.345884,-76.693679,21,1.471638
rpjh,39.34579,-76.69360,22,1.491638
rpjh,39.345671,-76.693492,23,1.500265
rpjh,39.344865,-76.691836,24,1.668522
rpjh,39.343726,-76.689951,25,1.87423
rpjh,39.342207,-76.685746,26,2.273339
rpjh,39.340524,-76.680225,27,2.783675
rpjh,39.33953,-76.677246,28,3.062688
rpjh,39.337086,-76.673645,29,3.474706
rpjh,39.336253,-76.672408,30,3.615763
rpjh,39.334749,-76.669206,31,3.937949
rpjh,39.334414,-76.667966,32,4.050913
rpjh,39.332749,-76.666004,33,4.301414
rpjh,39.330754,-76.664983,34,4.539996
rpjh,39.329133,-76.664438,35,4.726239
rpjh,39.328042,-76.664124,36,4.850523
rpjh,39.326021,-76.663852,37,5.076463
rpjh,39.32336,-76.662982,38,5.381669
rpjh,39.320005,-76.658205,39,5.936672
rpjh,39.318671,-76.654152,40,6.315567
rpjh,39.318323,-76.653595,41,6.377157
rpjh,39.31519,-76.64867,42,6.925673
rpjh,39.314241,-76.647659,43,7.062421
rpjh,39.311872,-76.644563,44,7.437033
rpjh,39.310412,-76.642979,45,7.648993
rpjh,39.307574,-76.639557,46,8.080578
rpjh,39.305349,-76.63687,47,8.419191
rpjh,39.304178,-76.635478,48,8.596107
rpjh,39.304035,-76.633246,49,8.78881
rpjh,39.303995,-76.628549,50,9.192975
rpjh,39.301997,-76.623693,51,9.666196
rpjh,39.30169,-76.623314,52,9.713406
rpjh,39.30151,-76.62310,53,9.753406
rpjh,39.301157,-76.622734,54,9.790886
rpjh,39.299004,-76.621633,55,10.048352
rpjh,39.297022,-76.621449,56,10.269308
rpjh,39.293214,-76.621016,57,10.694375
rpjh,39.291593,-76.620996,58,10.87463
rpjh,39.290317,-76.620664,59,11.019363
rpjh,39.289349,-76.617272,60,11.330489
rpjh,39.289391,-76.615955,61,11.443926
rpjh,39.289456,-76.61476,62,11.547021
rpjh,39.28951,-76.61380,63,11.647021
rpjh,39.289517,-76.61311,64,11.689182
rpjh,39.289617,-76.610794,65,11.888807
rpjh,39.289698,-76.608806,66,12.060131
rpjh,39.289808,-76.60631,67,12.275284
rpjh,39.289949,-76.604692,68,12.415408
rpjh,39.290057,-76.603319,69,12.534176
rpjh,39.29023,-76.600982,70,12.736214
rpjh,39.290333,-76.599555,71,12.859553
rpjh,39.290507,-76.598273,72,12.971564
rpjh,39.291706,-76.594799,73,13.29891
rpjh,39.293351,-76.594137,74,13.490492
rpjh,39.294935,-76.594257,75,13.666927
rpjh,39.29551,-76.59426,76,13.706927
rpjh,39.295933,-76.594199,77,13.778012
rpjh,39.295933,-76.594199,78,13.778012
rpjh,39.295933,-76.594199,79,13.778012
rpjh,39.297206,-76.594226,80,13.919582
rpjh,39.298229,-76.594357,81,14.0704
jhom,39.297206,-76.594228,1,0
jhom,39.297206,-76.594228,2,0
jhom,39.297206,-76.594228,3,0
jhom,39.295933,-76.594199,4,0.141573
jhom,39.295933,-76.594199,6,0.141573
jhom,39.294935,-76.594257,7,0.252658
jhom,39.294935,-76.594257,8,0.252658
jhom,39.294935,-76.594257,9,0.252658
jhom,39.294935,-76.594257,10,0.252658
jhom,39.291864,-76.594764,11,0.596914
jhom,39.290507,-76.598273,12,0.934491
jhom,39.290374,-76.600512,13,1.127743
jhom,39.290211,-76.602335,14,1.285672
jhom,39.289949,-76.604692,15,1.490595
jhom,39.289819,-76.607739,16,1.753217
jhom,39.2897,-76.610431,17,1.985267
jhom,39.289678,-76.611138,18,2.04616
jhom,39.289467,-76.614216,19,2.312089
jhom,39.289456,-76.61476,20,2.358922
jhom,39.289456,-76.61476,21,2.358922
jhom,39.289391,-76.615955,22,2.462017
jhom,39.289456,-76.61476,23,2.565112
jhom,39.289391,-76.615955,24,2.668207
jhom,39.289391,-76.615955,25,2.668207
jhom,39.289391,-76.615955,26,2.668207
jhom,39.289391,-76.615955,27,2.668207
jhom,39.289391,-76.615955,28,2.668207
jhom,39.290138,-76.620239,29,3.046128
jhom,39.29096,-76.621,30,3.158571
jhom,39.292228,-76.621099,31,3.299823
jhom,39.295128,-76.621274,32,3.62264
jhom,39.296266,-76.621278,33,3.74918
jhom,39.300188,-76.621732,34,4.187033
jhom,39.30169,-76.623314,35,4.402495
jhom,39.301997,-76.623693,36,4.449705
jhom,39.301997,-76.623693,37,4.449705
jhom,39.301997,-76.623693,38,4.449705
jhom,39.303764,-76.626823,39,4.783076
jhom,39.304114,-76.630114,40,5.068903
jhom,39.304025,-76.634832,41,5.47497
jhom,39.304754,-76.636118,42,5.612135
jhom,39.307315,-76.639165,43,5.999205
jhom,39.309885,-76.642289,44,6.391514
jhom,39.310792,-76.643398,45,6.530348
jhom,39.313358,-76.646372,46,6.913591
jhom,39.314902,-76.64836,47,7.155925
jhom,39.317653,-76.652212,48,7.606906
jhom,39.318323,-76.653595,49,7.74728
jhom,39.319709,-76.657267,50,8.09875
jhom,39.321512,-76.661876,51,8.543031
jhom,39.325405,-76.663892,52,9.009356
jhom,39.328042,-76.664124,53,9.303255
jhom,39.328042,-76.664124,54,9.303255
jhom,39.328042,-76.664124,55,9.303255
jhom,39.328042,-76.664124,56,9.303255
jhom,39.329133,-76.664438,57,9.427539
jhom,39.328301,-76.664199,58,9.52231
jhom,39.329133,-76.664438,59,9.617081
jhom,39.329133,-76.664438,60,9.617081
jhom,39.329133,-76.664438,61,9.617081
jhom,39.330322,-76.664793,62,9.752772
jhom,39.333067,-76.666159,63,10.079833
jhom,39.334414,-76.667966,64,10.295673
jhom,39.335857,-76.671788,65,10.661451
jhom,39.336675,-76.673012,66,10.800571
jhom,39.338698,-76.675751,67,11.126282
jhom,39.340173,-76.678975,68,11.44842
jhom,39.341509,-76.68346,69,11.861736
jhom,39.342918,-76.687871,70,12.272143
jhom,39.344449,-76.69125,71,12.608912
jhom,39.345171,-76.692547,72,12.746333
jhom,39.345884,-76.693679,73,12.871876
jhom,39.345884,-76.693679,74,12.871876
jhom,39.346287,-76.694604,75,12.963172
jhom,39.346287,-76.694604,76,12.963172
jhom,39.346287,-76.694604,77,12.963172
jhom,39.346287,-76.694604,78,12.963172
jhom,39.346832,-76.695395,79,13.054271
jhom,39.347107,-76.695988,80,13.113729
jhom,39.347107,-76.695988,81,13.113729
jhom,39.348553,-76.698508,82,13.383558
jhom,39.350471,-76.701961,83,13.749127
jhom,39.351218,-76.703396,84,13.897868
jhom,39.351563,-76.704079,85,13.968014
jhom,39.351563,-76.704079,86,13.968014
jhom,39.351563,-76.704079,87,13.968014
jhom,39.351563,-76.704079,88,13.968014
jhom,39.352283,-76.705383,89,14.105786
jhom,39.353224,-76.707822,90,14.340151
jhom,39.353346,-76.708077,91,14.365934
jhom,39.35345,-76.708383,92,14.394674
jhom,39.35345,-76.708383,93,14.394674
jhom,39.35345,-76.708383,94,14.394674
jhom,39.35345,-76.708383,95,14.394674
jhom,39.354086,-76.710723,96,14.607937
jhom,39.354491,-76.712036,97,14.72948
jhom,39.35526,-76.714685,98,14.972763
jhom,39.356785,-76.719151,99,15.392518
jhom,39.359023,-76.720493,100,15.666819
jhom,39.360239,-76.720787,101,15.804374
jhom,39.360675,-76.720805,102,15.85288
jhom,39.36103,-76.7209,103,15.89319
jhom,39.36103,-76.7209,104,15.89319
jhom,39.36103,-76.7209,105,15.89319
jhom,39.362284,-76.721306,106,16.036931
jhom,39.365076,-76.72392,107,16.420184
jhom,39.367615,-76.727135,108,16.815269
jhom,39.368645,-76.729193,109,17.026018
jhom,39.369243,-76.731915,110,17.269272
jhom,39.369342,-76.734561,111,17.496993
jhom,39.369401,-76.738174,112,17.807642
jhom,39.369884,-76.741163,113,18.070134
jhom,39.370919,-76.7435,114,18.301654
jhom,39.372073,-76.74559,115,18.522429
jhom,39.372673,-76.746733,117,18.64119
jhom,39.372673,-76.746733,118,18.64119
jhom,39.372673,-76.746733,119,18.64119
jhom,39.374883,-76.750609,120,19.055181
jhom,39.376316,-76.752046,121,19.25679
jhom,39.378743,-76.753183,122,19.54381
jhom,39.381424,-76.754198,123,19.854426
jhom,39.384076,-76.755912,124,20.184062
jhom,39.386034,-76.757847,125,20.458028
jhom,39.38828,-76.760472,126,20.794575
jhom,39.389887,-76.762137,127,21.023494
jhom,39.392935,-76.763227,128,21.375122
jhom,39.395676,-76.76328,129,21.679941
jhom,39.398378,-76.763587,130,21.981546
jhom,39.400981,-76.764713,131,22.286729
jhom,39.403204,-76.766771,132,22.590651
jhom,39.405249,-76.770847,133,23.008205
jhom,39.4057925,-76.7736626,134,23.010025
jhom,39.4059085,-76.7743814,135,23.011845
jhom,39.406066,-76.7751753,136,23.013665
jhom,39.4062153,-76.7760122,137,23.015485
jhom,39.4062982,-76.7765486,138,23.017305
jhom,39.4064474,-76.7770958,139,23.019125
jhom,39.40658,-76.7776752,140,23.020945
jhom,39.4067458,-76.7781258,141,23.022765
jhom,39.4068702,-76.778512,142,23.024585
jhom,39.4070359,-76.7789733,143,23.026405
jhom,39.4072017,-76.7794776,144,23.028225
jhom,39.4074007,-76.7800248,145,23.030045
jhom,39.4076411,-76.7807007,146,24.1903
