shape_id,shape_pt_lat,shape_pt_lon,shape_pt_sequence,shape_dist_traveled
1001-A-5001-5015,48.12131119,-1.71218503,1,0.000000
1001-A-5001-5015,48.12127304,-1.70905805,2,232.150742
1001-A-5001-5015,48.12127686,-1.70874000,3,255.763062
1001-A-5001-5015,48.12131119,-1.70777798,4,327.274567
1001-A-5001-5015,48.12131119,-1.70745206,5,351.467102
1001-A-5001-5015,48.12122726,-1.70319796,6,667.382141
1001-A-5001-5015,48.12124252,-1.70071101,7,851.993103
1001-A-5001-5015,48.12124252,-1.70046198,8,870.478210
1001-A-5001-5015,48.12123108,-1.70023298,9,887.524292
1001-A-5001-5015,48.12121964,-1.70012498,10,895.641663
1001-A-5001-5015,48.12120438,-1.70001197,11,904.200134
1001-A-5001-5015,48.12116623,-1.69978094,12,921.865906
1001-A-5001-5015,48.12107086,-1.69930506,13,958.747681
1001-A-5001-5015,48.12103271,-1.69908202,14,975.838562
1001-A-5001-5015,48.12101364,-1.69887805,15,991.126709
1001-A-5001-5015,48.12100601,-1.69867003,16,1006.591125
1001-A-5001-5015,48.12101364,-1.69851506,17,1018.125854
1001-A-5001-5015,48.12102890,-1.69834995,18,1030.498291
1001-A-5001-5015,48.12104797,-1.69819701,19,1042.047729
1001-A-5001-5015,48.12108231,-1.69802797,20,1055.163208
1001-A-5001-5015,48.12111664,-1.69789100,21,1066.023560
1001-A-5001-5015,48.12116623,-1.69773996,22,1078.517700
1001-A-5001-5015,48.12122345,-1.69757605,23,1092.248047
1001-A-5001-5015,48.12138367,-1.69715905,24,1127.961792
1001-A-5001-5015,48.12142181,-1.69704795,25,1137.235718
1001-A-5001-5015,48.12145996,-1.69692504,26,1147.296631
1001-A-5001-5015,48.12149811,-1.69676805,27,1159.698364
1001-A-5001-5015,48.12153244,-1.69660795,28,1172.180420
1001-A-5001-5015,48.12155151,-1.69645500,29,1183.729736
1001-A-5001-5015,48.12156296,-1.69630003,30,1195.303223
1001-A-5001-5015,48.12157059,-1.69614506,31,1206.837769
1001-A-5001-5015,48.12156677,-1.69596803,32,1219.984985
1001-A-5001-5015,48.12151718,-1.69505799,33,1287.760864
1001-A-5001-5015,48.12151337,-1.69488502,34,1300.607300
1001-A-5001-5015,48.12150955,-1.69466400,35,1317.018311
1001-A-5001-5015,48.12151718,-1.69434404,36,1340.783447
1001-A-5001-5015,48.12157440,-1.69293404,37,1445.639404
1001-A-5001-5015,48.12157822,-1.69279897,38,1455.673950
1001-A-5001-5015,48.12157822,-1.69268000,39,1464.505005
1001-A-5001-5015,48.12157059,-1.69256604,40,1473.006836
1001-A-5001-5015,48.12155914,-1.69240105,41,1485.319336
1001-A-5001-5015,48.12150192,-1.69185996,42,1525.984619
1001-A-5001-5015,48.12145996,-1.69155502,43,1549.095581
1001-A-5001-5015,48.12141418,-1.69131196,44,1567.842407
1001-A-5001-5015,48.12136459,-1.69111300,45,1583.606812
1001-A-5001-5015,48.12130356,-1.69092798,46,1598.925537
1001-A-5001-5015,48.12123489,-1.69073999,47,1614.832275
1001-A-5001-5015,48.12115097,-1.69056106,48,1631.064819
1001-A-5001-5015,48.12106705,-1.69040096,49,1646.174805
1001-A-5001-5015,48.12096786,-1.69024301,50,1662.271240
1001-A-5001-5015,48.12086868,-1.69010496,51,1677.325439
1001-A-5001-5015,48.12074661,-1.68996501,52,1694.418335
1001-A-5001-5015,48.12065887,-1.68987894,53,1706.080078
1001-A-5001-5015,48.12057114,-1.68980205,54,1717.383057
1001-A-5001-5015,48.12048721,-1.68973505,55,1727.957275
1001-A-5001-5015,48.12037277,-1.68965399,56,1742.033447
1001-A-5001-5015,48.12017059,-1.68953001,57,1766.325439
1001-A-5001-5015,48.11924744,-1.68899000,58,1876.525269
1001-A-5001-5015,48.11912155,-1.68891096,59,1891.702881
1001-A-5001-5015,48.11901855,-1.68883705,60,1904.401855
1001-A-5001-5015,48.11889267,-1.68873298,61,1920.390015
1001-A-5001-5015,48.11875534,-1.68859601,62,1938.735718
1001-A-5001-5015,48.11862564,-1.68844199,63,1957.139771
1001-A-5001-5015,48.11850357,-1.68826902,64,1975.824341
1001-A-5001-5015,48.11843491,-1.68814898,65,1987.559082
1001-A-5001-5015,48.11834335,-1.68798995,66,2003.147339
1001-A-5001-5015,48.11783218,-1.68702197,67,2094.766602
1001-A-5001-5015,48.11776733,-1.68688595,68,2107.174316
1001-A-5001-5015,48.11769104,-1.68672299,69,2121.949463
1001-A-5001-5015,48.11762238,-1.68656397,70,2136.008545
1001-A-5001-5015,48.11755753,-1.68640304,71,2149.962891
1001-A-5001-5015,48.11746979,-1.68615496,72,2170.802979
1001-A-5001-5015,48.11738205,-1.68586695,73,2194.303955
1001-A-5001-5015,48.11680222,-1.68381703,74,2359.574707
1001-A-5001-5015,48.11669922,-1.68347704,75,2387.290771
1001-A-5001-5015,48.11663055,-1.68327200,76,2404.319580
1001-A-5001-5015,48.11656570,-1.68309498,77,2419.309570
1001-A-5001-5015,48.11649704,-1.68293703,78,2433.302002
1001-A-5001-5015,48.11640549,-1.68274701,79,2450.697998
1001-A-5001-5015,48.11630630,-1.68256795,80,2467.969727
1001-A-5001-5015,48.11619568,-1.68239999,81,2485.485107
1001-A-5001-5015,48.11607742,-1.68224299,82,2503.056396
1001-A-5001-5015,48.11597443,-1.68211997,83,2517.704834
1001-A-5001-5015,48.11586761,-1.68200696,84,2532.245850
1001-A-5001-5015,48.11574173,-1.68188906,85,2548.754639
1001-A-5001-5015,48.11535263,-1.68154502,86,2598.996582
1001-A-5001-5015,48.11523056,-1.68143594,87,2614.802002
1001-A-5001-5015,48.11510086,-1.68130004,88,2632.402588
1001-A-5001-5015,48.11500549,-1.68119204,89,2645.696777
1001-A-5001-5015,48.11492920,-1.68109202,90,2656.970703
1001-A-5001-5015,48.11483765,-1.68096805,91,2670.694824
1001-A-5001-5015,48.11425781,-1.68012094,92,2760.760498
1001-A-5001-5015,48.11415482,-1.67998195,93,2776.176270
1001-A-5001-5015,48.11406326,-1.67987597,94,2789.042480
1001-A-5001-5015,48.11396027,-1.67976904,95,2802.977295
1001-A-5001-5015,48.11385345,-1.67967403,96,2816.790771
1001-A-5001-5015,48.11371231,-1.67957103,97,2834.249023
1001-A-5001-5015,48.11359406,-1.67950201,98,2848.361572
1001-A-5001-5015,48.11347580,-1.67944503,99,2862.174561
1001-A-5001-5015,48.11335373,-1.67940104,100,2876.135498
1001-A-5001-5015,48.11321640,-1.67936802,101,2891.601318
1001-A-5001-5015,48.11306000,-1.67934597,102,2909.069580
1001-A-5001-5015,48.11285400,-1.67933095,103,2932.002197
1001-A-5001-5015,48.11082458,-1.67924201,104,3157.759766
1001-A-5001-5015,48.11059952,-1.67922497,105,3182.818115
1001-A-5001-5015,48.11028671,-1.67919505,106,3217.671143
1001-A-5001-5015,48.11011887,-1.67918599,107,3236.347168
1001-A-5001-5015,48.10868835,-1.67917502,108,3395.414795
1001-A-5001-5015,48.10852432,-1.67918205,109,3413.661865
1001-A-5001-5015,48.10833740,-1.67920303,110,3434.504639
1001-A-5001-5015,48.10812759,-1.67924500,111,3458.041504
1001-A-5001-5015,48.10775375,-1.67934597,112,3500.281250
1001-A-5001-5015,48.10758972,-1.67938399,113,3518.737793
1001-A-5001-5015,48.10742569,-1.67940700,114,3537.057373
1001-A-5001-5015,48.10726547,-1.67941105,115,3554.875244
1001-A-5001-5015,48.10717010,-1.67940295,116,3565.496582
1001-A-5001-5015,48.10705566,-1.67938304,117,3578.307373
1001-A-5001-5015,48.10696411,-1.67935896,118,3588.643311
1001-A-5001-5015,48.10687256,-1.67932701,119,3599.096436
1001-A-5001-5015,48.10678101,-1.67928898,120,3609.660889
1001-A-5001-5015,48.10669327,-1.67924297,121,3619.997803
1001-A-5001-5015,48.10657883,-1.67917204,122,3633.769775
1001-A-5001-5015,48.10649109,-1.67911005,123,3644.557129
1001-A-5001-5015,48.10635757,-1.67899299,124,3661.760498
1001-A-5001-5015,48.10625076,-1.67888701,125,3676.007568
1001-A-5001-5015,48.10612869,-1.67874002,126,3693.424561
1001-A-5001-5015,48.10603714,-1.67861104,127,3707.401611
1001-A-5001-5015,48.10595322,-1.67847300,128,3721.263428
1001-A-5001-5015,48.10585785,-1.67828906,129,3738.554443
1001-A-5001-5015,48.10577011,-1.67809200,130,3756.140381
1001-A-5001-5015,48.10571289,-1.67792797,131,3769.881592
1001-A-5001-5015,48.10567093,-1.67780101,132,3780.399902
1001-A-5001-5015,48.10564041,-1.67769003,133,3789.312012
1001-A-5001-5015,48.10557556,-1.67739797,134,3812.165527
1001-A-5001-5015,48.10505676,-1.67478395,135,4014.653076
1001-A-5001-5015,48.10501480,-1.67458701,136,4030.002197
1001-A-5001-5015,48.10497665,-1.67441702,137,4043.318115
1001-A-5001-5015,48.10493088,-1.67423499,138,4057.761230
1001-A-5001-5015,48.10489273,-1.67410696,139,4068.171143
1001-A-5001-5015,48.10480881,-1.67385495,140,4089.081299
1001-A-5001-5015,48.10470963,-1.67361403,141,4110.096680
1001-A-5001-5015,48.10460281,-1.67338204,142,4131.020020
1001-A-5001-5015,48.10454559,-1.67327094,143,4141.437988
1001-A-5001-5015,48.10445786,-1.67311001,144,4156.864746
1001-A-5001-5015,48.10437012,-1.67297399,145,4170.906738
1001-A-5001-5015,48.10427856,-1.67283905,146,4185.190918
1001-A-5001-5015,48.10351181,-1.67178798,147,4300.777832
1001-A-5001-5015,48.10340118,-1.67164397,148,4317.076660
1001-A-5001-5015,48.10330582,-1.67153001,149,4330.644043
1001-A-5001-5015,48.10322189,-1.67144001,150,4342.122070
1001-A-5001-5015,48.10310745,-1.67133701,151,4356.968750
1001-A-5001-5015,48.10301971,-1.67126703,152,4368.021973
1001-A-5001-5015,48.10290146,-1.67118502,153,4382.513672
1001-A-5001-5015,48.10277939,-1.67111599,154,4397.022461
1001-A-5001-5015,48.10265350,-1.67105997,155,4411.625488
1001-A-5001-5015,48.10252380,-1.67101705,156,4426.395020
1001-A-5001-5015,48.10242462,-1.67099297,157,4437.567871
1001-A-5001-5015,48.10232544,-1.67097795,158,4448.652832
1001-A-5001-5015,48.10223007,-1.67096996,159,4459.273438
1001-A-5001-5015,48.10213089,-1.67096901,160,4470.302246
1001-A-5001-5015,48.10202026,-1.67097795,161,4482.621094
1001-A-5001-5015,48.10186005,-1.67100799,162,4500.575684
1001-A-5001-5015,48.10176086,-1.67103696,163,4511.812012
1001-A-5001-5015,48.10166550,-1.67107296,164,4522.748535
1001-A-5001-5015,48.10157013,-1.67111599,165,4533.823730
1001-A-5001-5015,48.10147858,-1.67116702,166,4544.686035
1001-A-5001-5015,48.10138702,-1.67122495,167,4555.737793
1001-A-5001-5015,48.10129929,-1.67129004,168,4566.625488
1001-A-5001-5015,48.10121155,-1.67136204,169,4577.750977
1001-A-5001-5015,48.10112762,-1.67144096,170,4588.770020
1001-A-5001-5015,48.10104752,-1.67152596,171,4599.687012
1001-A-5001-5015,48.10097122,-1.67161703,172,4610.536621
1001-A-5001-5015,48.10084915,-1.67178202,173,4628.821777
1001-A-5001-5015,48.10073471,-1.67196202,174,4647.277344
1001-A-5001-5015,48.10063553,-1.67215705,175,4665.480957
1001-A-5001-5015,48.10057831,-1.67227900,176,4676.548340
1001-A-5001-5015,48.10052872,-1.67240596,177,4687.470215
1001-A-5001-5015,48.10046005,-1.67260504,178,4704.108887
1001-A-5001-5015,48.10039520,-1.67282605,179,4722.035645
1001-A-5001-5015,48.10034180,-1.67305100,180,4739.764160
1001-A-5001-5015,48.10020065,-1.67366004,181,4787.636719
1001-A-5001-5015,48.10015869,-1.67383301,182,4801.302734
1001-A-5001-5015,48.10010910,-1.67399299,183,4814.399902
1001-A-5001-5015,48.10004425,-1.67419100,184,4830.776855
1001-A-5001-5015,48.09999466,-1.67431796,185,4841.699219
1001-A-5001-5015,48.09991837,-1.67448294,186,4856.601074
1001-A-5001-5015,48.09983826,-1.67463803,187,4871.161133
1001-A-5001-5015,48.09972382,-1.67481899,188,4889.667969
1001-A-5001-5015,48.09960175,-1.67498398,189,4907.953613
1001-A-5001-5015,48.09947205,-1.67513394,190,4926.174805
1001-A-5001-5015,48.09933472,-1.67526495,191,4944.280762
1001-A-5001-5015,48.09918594,-1.67537796,192,4962.830566
1001-A-5001-5015,48.09909439,-1.67543697,193,4973.914063
1001-A-5001-5015,48.09900284,-1.67548800,194,4984.776367
1001-A-5001-5015,48.09884644,-1.67555702,195,5002.907227
1001-A-5001-5015,48.09868240,-1.67560601,196,5021.505859
1001-A-5001-5015,48.09858704,-1.67562497,197,5032.203613
1001-A-5001-5015,48.09848785,-1.67563605,198,5043.262695
1001-A-5001-5015,48.09832382,-1.67563701,199,5061.502441
1001-A-5001-5015,48.09822464,-1.67562795,200,5072.551270
1001-A-5001-5015,48.09813690,-1.67561305,201,5082.370117
1001-A-5001-5015,48.09790039,-1.67555404,202,5109.031250
1001-A-5001-5015,48.09725952,-1.67536998,203,5181.591797
1001-A-5001-5015,48.09708023,-1.67531395,204,5201.957520
1001-A-5001-5015,48.09696579,-1.67527103,205,5215.076172
1001-A-5001-5015,48.09682465,-1.67521000,206,5231.411621
1001-A-5001-5015,48.09639740,-1.67499697,207,5281.484375
1001-A-5001-5015,48.09622574,-1.67491806,208,5301.451660
1001-A-5001-5015,48.09603119,-1.67484796,209,5323.702148
1001-A-5001-5015,48.09585571,-1.67480195,210,5343.511230
1001-A-5001-5015,48.09563065,-1.67475796,211,5368.750000
1001-A-5001-5015,48.09435272,-1.67453599,212,5511.801270
1001-A-5001-5015,48.09315109,-1.67437696,213,5645.937500
1001-A-5001-5015,48.09304428,-1.67436898,214,5657.829102
1001-A-5001-5015,48.09296417,-1.67436802,215,5666.737305
1001-A-5001-5015,48.09286880,-1.67437398,216,5677.350586
1001-A-5001-5015,48.09279251,-1.67438400,217,5685.866699
1001-A-5001-5015,48.09263611,-1.67441499,218,5703.409668
1001-A-5001-5015,48.09190369,-1.67458403,219,5785.813477
1001-A-5001-5015,48.09170914,-1.67461801,220,5807.592773
1001-A-5001-5015,48.09155273,-1.67463398,221,5825.024414
1001-A-5001-5015,48.08936691,-1.67471802,222,6068.156738
1001-A-5001-5015,48.08916092,-1.67473197,223,6091.085938
1001-A-5001-5015,48.08876038,-1.67476904,224,6135.708984
1001-A-5001-5015,48.08855438,-1.67478299,225,6158.638184
1001-A-5001-5015,48.08737946,-1.67482698,226,6289.324707
1001-A-5001-5015,48.08729172,-1.67482400,227,6299.083496
1001-A-5001-5015,48.08720779,-1.67481005,228,6308.472656
1001-A-5001-5015,48.08712769,-1.67478204,229,6317.620117
1001-A-5001-5015,48.08704758,-1.67473900,230,6327.083984
1001-A-5001-5015,48.08696747,-1.67467296,231,6337.252930
1001-A-5001-5015,48.08689880,-1.67460096,232,6346.574707
1001-A-5001-5015,48.08683777,-1.67451799,233,6355.742188
1001-A-5001-5015,48.08678436,-1.67442501,234,6364.851074
1001-A-5001-5015,48.08675385,-1.67435300,235,6371.185059
1001-A-5001-5015,48.08672714,-1.67429197,236,6376.604492
1001-A-5001-5015,48.08670425,-1.67421198,237,6383.067871
1001-A-5001-5015,48.08668137,-1.67412996,238,6389.670410
1001-A-5001-5015,48.08666611,-1.67404902,239,6395.917480
1001-A-5001-5015,48.08665466,-1.67395103,240,6403.306641
1001-A-5001-5015,48.08664322,-1.67376494,241,6417.187012
1001-A-5001-5015,48.08663559,-1.67242002,242,6517.089844
1001-A-5001-5015,48.08663177,-1.67198706,243,6549.252930
1001-A-5001-5015,48.08643341,-1.66004097,244,7436.870605
1001-A-5001-5015,48.08642960,-1.65984499,245,7451.434082
1001-A-5001-5015,48.08642960,-1.65968800,246,7463.095703
1001-A-5001-5015,48.08643723,-1.65953302,247,7474.638184
1001-A-5001-5015,48.08644485,-1.65941703,248,7483.295410
1001-A-5001-5015,48.08647537,-1.65918803,249,7500.640625
1001-A-5001-5015,48.08651352,-1.65896297,250,7517.888184
1001-A-5001-5015,48.08654022,-1.65885305,251,7526.575684
1001-A-5001-5015,48.08657837,-1.65870905,252,7538.082520
1001-A-5001-5015,48.08663559,-1.65853000,253,7552.825684
1001-A-5001-5015,48.08671188,-1.65832198,254,7570.453125
1001-A-5001-5015,48.08743286,-1.65649700,255,7727.941406
1001-A-5001-5015,48.08749771,-1.65632498,256,7742.612793
1001-A-5001-5015,48.08754730,-1.65618503,257,7754.379883
1001-A-5001-5015,48.08761215,-1.65596998,258,7771.905762
1001-A-5001-5015,48.08766556,-1.65575004,259,7789.288574
1001-A-5001-5015,48.08769226,-1.65559995,260,7800.824707
1001-A-5001-5015,48.08770752,-1.65548599,261,7809.458008
1001-A-5001-5015,48.08773041,-1.65525603,262,7826.727051
1001-A-5001-5015,48.08774185,-1.65506101,263,7841.269043
1001-A-5001-5015,48.08774185,-1.65482605,264,7858.721191
1001-A-5001-5015,48.08771133,-1.65315604,265,7982.811035
1001-A-5001-5015,48.08769608,-1.65278804,266,8010.197754
1001-A-5001-5015,48.08760452,-1.65088999,267,8151.546875
1001-A-5001-5015,48.08758545,-1.65041304,268,8187.037598
1001-A-5001-5015,48.08749008,-1.64457297,269,8620.953125
1001-B-5030-5001,48.08749008,-1.64457297,1,0.000000
1001-B-5030-5001,48.08758545,-1.65041304,2,433.915436
1001-B-5030-5001,48.08760452,-1.65088999,3,469.405975
1001-B-5030-5001,48.08769608,-1.65278804,4,610.755371
1001-B-5030-5001,48.08771133,-1.65315604,5,638.141968
1001-B-5030-5001,48.08774185,-1.65482605,6,762.231689
1001-B-5030-5001,48.08774185,-1.65506101,7,779.684021
1001-B-5030-5001,48.08773041,-1.65525603,8,794.225830
1001-B-5030-5001,48.08770752,-1.65548599,9,811.494812
1001-B-5030-5001,48.08769226,-1.65559995,10,820.128113
1001-B-5030-5001,48.08766556,-1.65575004,11,831.664673
1001-B-5030-5001,48.08761215,-1.65596998,12,849.047180
1001-B-5030-5001,48.08754730,-1.65618503,13,866.573059
1001-B-5030-5001,48.08749771,-1.65632498,14,878.340332
1001-B-5030-5001,48.08743286,-1.65649700,15,893.011902
1001-B-5030-5001,48.08671188,-1.65832198,16,1050.500000
1001-B-5030-5001,48.08663559,-1.65853000,17,1068.127197
1001-B-5030-5001,48.08657837,-1.65870905,18,1082.870605
1001-B-5030-5001,48.08654022,-1.65885305,19,1094.377441
1001-B-5030-5001,48.08651352,-1.65896297,20,1103.064697
1001-B-5030-5001,48.08647537,-1.65918803,21,1120.312256
1001-B-5030-5001,48.08644485,-1.65941703,22,1137.657471
1001-B-5030-5001,48.08643723,-1.65953302,23,1146.314819
1001-B-5030-5001,48.08642960,-1.65968800,24,1157.857178
1001-B-5030-5001,48.08642960,-1.65984499,25,1169.518921
1001-B-5030-5001,48.08643341,-1.66004097,26,1184.082397
1001-B-5030-5001,48.08663177,-1.67198706,27,2071.699951
1001-B-5030-5001,48.08663559,-1.67242002,28,2103.863281
1001-B-5030-5001,48.08664322,-1.67376494,29,2203.765869
1001-B-5030-5001,48.08665466,-1.67395103,30,2217.646729
1001-B-5030-5001,48.08666611,-1.67404902,31,2225.035645
1001-B-5030-5001,48.08668137,-1.67412996,32,2231.282715
1001-B-5030-5001,48.08670425,-1.67421198,33,2237.885010
1001-B-5030-5001,48.08672714,-1.67429197,34,2244.348633
1001-B-5030-5001,48.08675385,-1.67435300,35,2249.768066
1001-B-5030-5001,48.08678436,-1.67442501,36,2256.102051
1001-B-5030-5001,48.08683777,-1.67451799,37,2265.210693
1001-B-5030-5001,48.08689880,-1.67460096,38,2274.378174
1001-B-5030-5001,48.08696747,-1.67467296,39,2283.700195
1001-B-5030-5001,48.08704758,-1.67473900,40,2293.869141
1001-B-5030-5001,48.08712769,-1.67478204,41,2303.333008
1001-B-5030-5001,48.08720779,-1.67481005,42,2312.480469
1001-B-5030-5001,48.08729172,-1.67482400,43,2321.869629
1001-B-5030-5001,48.08737946,-1.67482698,44,2331.628174
1001-B-5030-5001,48.08855438,-1.67478299,45,2462.314941
1001-B-5030-5001,48.08876038,-1.67476904,46,2485.243896
1001-B-5030-5001,48.08916092,-1.67473197,47,2529.867188
1001-B-5030-5001,48.08936691,-1.67471802,48,2552.796143
1001-B-5030-5001,48.09155273,-1.67463398,49,2795.928467
1001-B-5030-5001,48.09170914,-1.67461801,50,2813.360107
1001-B-5030-5001,48.09190369,-1.67458403,51,2835.139648
1001-B-5030-5001,48.09263611,-1.67441499,52,2917.543457
1001-B-5030-5001,48.09279251,-1.67438400,53,2935.086182
1001-B-5030-5001,48.09286880,-1.67437398,54,2943.602295
1001-B-5030-5001,48.09296417,-1.67436802,55,2954.215820
1001-B-5030-5001,48.09304428,-1.67436898,56,2963.123779
1001-B-5030-5001,48.09315109,-1.67437696,57,2975.015625
1001-B-5030-5001,48.09435272,-1.67453599,58,3109.151611
1001-B-5030-5001,48.09563065,-1.67475796,59,3252.203125
1001-B-5030-5001,48.09585571,-1.67480195,60,3277.441895
1001-B-5030-5001,48.09603119,-1.67484796,61,3297.250977
1001-B-5030-5001,48.09622574,-1.67491806,62,3319.501465
1001-B-5030-5001,48.09639740,-1.67499697,63,3339.468750
1001-B-5030-5001,48.09682465,-1.67521000,64,3389.541260
1001-B-5030-5001,48.09696579,-1.67527103,65,3405.877197
1001-B-5030-5001,48.09708023,-1.67531395,66,3418.995361
1001-B-5030-5001,48.09725952,-1.67536998,67,3439.361084
1001-B-5030-5001,48.09790039,-1.67555404,68,3511.921631
1001-B-5030-5001,48.09813690,-1.67561305,69,3538.583008
1001-B-5030-5001,48.09822464,-1.67562795,70,3548.401611
1001-B-5030-5001,48.09832382,-1.67563701,71,3559.450684
1001-B-5030-5001,48.09848785,-1.67563605,72,3577.690430
1001-B-5030-5001,48.09858704,-1.67562497,73,3588.749756
1001-B-5030-5001,48.09868240,-1.67560601,74,3599.447021
1001-B-5030-5001,48.09884644,-1.67555702,75,3618.045898
1001-B-5030-5001,48.09900284,-1.67548800,76,3636.176758
1001-B-5030-5001,48.09909439,-1.67543697,77,3647.039063
1001-B-5030-5001,48.09918594,-1.67537796,78,3658.122314
1001-B-5030-5001,48.09933472,-1.67526495,79,3676.672119
1001-B-5030-5001,48.09947205,-1.67513394,80,3694.778320
1001-B-5030-5001,48.09960175,-1.67498398,81,3712.999512
1001-B-5030-5001,48.09972382,-1.67481899,82,3731.284912
1001-B-5030-5001,48.09983826,-1.67463803,83,3749.791992
1001-B-5030-5001,48.09991837,-1.67448294,84,3764.351807
1001-B-5030-5001,48.09999466,-1.67431796,85,3779.253906
1001-B-5030-5001,48.10004425,-1.67419100,86,3790.176025
1001-B-5030-5001,48.10010910,-1.67399299,87,3806.552979
1001-B-5030-5001,48.10015869,-1.67383301,88,3819.650391
1001-B-5030-5001,48.10020065,-1.67366004,89,3833.316406
1001-B-5030-5001,48.10034180,-1.67305100,90,3881.188965
1001-B-5030-5001,48.10039520,-1.67282605,91,3898.917480
1001-B-5030-5001,48.10046005,-1.67260504,92,3916.843994
1001-B-5030-5001,48.10052872,-1.67240596,93,3933.482666
1001-B-5030-5001,48.10057831,-1.67227900,94,3944.404785
1001-B-5030-5001,48.10063553,-1.67215705,95,3955.472412
1001-B-5030-5001,48.10073471,-1.67196202,96,3973.675781
1001-B-5030-5001,48.10084915,-1.67178202,97,3992.131348
1001-B-5030-5001,48.10097122,-1.67161703,98,4010.416504
1001-B-5030-5001,48.10104752,-1.67152596,99,4021.265869
1001-B-5030-5001,48.10112762,-1.67144096,100,4032.183105
1001-B-5030-5001,48.10121155,-1.67136204,101,4043.202393
1001-B-5030-5001,48.10129929,-1.67129004,102,4054.327393
1001-B-5030-5001,48.10138702,-1.67122495,103,4065.215088
1001-B-5030-5001,48.10147858,-1.67116702,104,4076.266846
1001-B-5030-5001,48.10157013,-1.67111599,105,4087.129395
1001-B-5030-5001,48.10166550,-1.67107296,106,4098.204590
1001-B-5030-5001,48.10176086,-1.67103696,107,4109.141113
1001-B-5030-5001,48.10186005,-1.67100799,108,4120.377441
1001-B-5030-5001,48.10202026,-1.67097795,109,4138.331543
1001-B-5030-5001,48.10213089,-1.67096901,110,4150.650879
1001-B-5030-5001,48.10223007,-1.67096996,111,4161.679688
1001-B-5030-5001,48.10232544,-1.67097795,112,4172.300293
1001-B-5030-5001,48.10242462,-1.67099297,113,4183.385254
1001-B-5030-5001,48.10252380,-1.67101705,114,4194.557617
1001-B-5030-5001,48.10265350,-1.67105997,115,4209.327637
1001-B-5030-5001,48.10277939,-1.67111599,116,4223.930664
1001-B-5030-5001,48.10290146,-1.67118502,117,4238.439453
1001-B-5030-5001,48.10301971,-1.67126703,118,4252.930664
1001-B-5030-5001,48.10310745,-1.67133701,119,4263.984375
1001-B-5030-5001,48.10322189,-1.67144001,120,4278.831055
1001-B-5030-5001,48.10330582,-1.67153001,121,4290.309082
1001-B-5030-5001,48.10340118,-1.67164397,122,4303.876465
1001-B-5030-5001,48.10351181,-1.67178798,123,4320.175293
1001-B-5030-5001,48.10427856,-1.67283905,124,4435.762207
1001-B-5030-5001,48.10437012,-1.67297399,125,4450.046387
1001-B-5030-5001,48.10445786,-1.67311001,126,4464.088379
1001-B-5030-5001,48.10454559,-1.67327094,127,4479.515137
1001-B-5030-5001,48.10460281,-1.67338204,128,4489.933105
1001-B-5030-5001,48.10470963,-1.67361403,129,4510.856445
1001-B-5030-5001,48.10480881,-1.67385495,130,4531.871582
1001-B-5030-5001,48.10489273,-1.67410696,131,4552.781738
1001-B-5030-5001,48.10493088,-1.67423499,132,4563.191895
1001-B-5030-5001,48.10497665,-1.67441702,133,4577.634766
1001-B-5030-5001,48.10501480,-1.67458701,134,4590.950684
1001-B-5030-5001,48.10505676,-1.67478395,135,4606.299805
1001-B-5030-5001,48.10557556,-1.67739797,136,4808.787598
1001-B-5030-5001,48.10564041,-1.67769003,137,4831.641113
1001-B-5030-5001,48.10567093,-1.67780101,138,4840.553223
1001-B-5030-5001,48.10571289,-1.67792797,139,4851.071289
1001-B-5030-5001,48.10577011,-1.67809200,140,4864.812988
1001-B-5030-5001,48.10585785,-1.67828906,141,4882.398438
1001-B-5030-5001,48.10595322,-1.67847300,142,4899.689941
1001-B-5030-5001,48.10603714,-1.67861104,143,4913.551270
1001-B-5030-5001,48.10612869,-1.67874002,144,4927.528320
1001-B-5030-5001,48.10625076,-1.67888701,145,4944.945313
1001-B-5030-5001,48.10635757,-1.67899299,146,4959.192383
1001-B-5030-5001,48.10649109,-1.67911005,147,4976.395996
1001-B-5030-5001,48.10657883,-1.67917204,148,4987.183105
1001-B-5030-5001,48.10669327,-1.67924297,149,5000.955078
1001-B-5030-5001,48.10678101,-1.67928898,150,5011.291992
1001-B-5030-5001,48.10687256,-1.67932701,151,5021.856934
1001-B-5030-5001,48.10696411,-1.67935896,152,5032.309570
1001-B-5030-5001,48.10705566,-1.67938304,153,5042.645508
1001-B-5030-5001,48.10717010,-1.67940295,154,5055.456543
1001-B-5030-5001,48.10726547,-1.67941105,155,5066.078125
1001-B-5030-5001,48.10742569,-1.67940700,156,5083.895996
1001-B-5030-5001,48.10758972,-1.67938399,157,5102.215332
1001-B-5030-5001,48.10775375,-1.67934597,158,5120.671875
1001-B-5030-5001,48.10812759,-1.67924500,159,5162.911621
1001-B-5030-5001,48.10833740,-1.67920303,160,5186.448242
1001-B-5030-5001,48.10852432,-1.67918205,161,5207.291504
1001-B-5030-5001,48.10868835,-1.67917502,162,5225.538086
1001-B-5030-5001,48.11011887,-1.67918599,163,5384.605957
1001-B-5030-5001,48.11028671,-1.67919505,164,5403.281738
1001-B-5030-5001,48.11059952,-1.67922497,165,5438.135254
1001-B-5030-5001,48.11082458,-1.67924201,166,5463.193359
1001-B-5030-5001,48.11285400,-1.67933095,167,5688.951172
1001-B-5030-5001,48.11306000,-1.67934597,168,5711.883789
1001-B-5030-5001,48.11321640,-1.67936802,169,5729.351563
1001-B-5030-5001,48.11335373,-1.67940104,170,5744.817383
1001-B-5030-5001,48.11347580,-1.67944503,171,5758.778320
1001-B-5030-5001,48.11359406,-1.67950201,172,5772.591309
1001-B-5030-5001,48.11371231,-1.67957103,173,5786.704102
1001-B-5030-5001,48.11385345,-1.67967403,174,5804.162109
1001-B-5030-5001,48.11396027,-1.67976904,175,5817.975586
1001-B-5030-5001,48.11406326,-1.67987597,176,5831.910645
1001-B-5030-5001,48.11415482,-1.67998195,177,5844.776855
1001-B-5030-5001,48.11425781,-1.68012094,178,5860.192383
1001-B-5030-5001,48.11483765,-1.68096805,179,5950.258301
1001-B-5030-5001,48.11492920,-1.68109202,180,5963.982422
1001-B-5030-5001,48.11500549,-1.68119204,181,5975.256348
1001-B-5030-5001,48.11510086,-1.68130004,182,5988.550293
1001-B-5030-5001,48.11523056,-1.68143594,183,6006.150879
1001-B-5030-5001,48.11535263,-1.68154502,184,6021.956543
1001-B-5030-5001,48.11574173,-1.68188906,185,6072.198242
1001-B-5030-5001,48.11586761,-1.68200696,186,6088.707031
1001-B-5030-5001,48.11597443,-1.68211997,187,6103.248535
1001-B-5030-5001,48.11607742,-1.68224299,188,6117.896484
1001-B-5030-5001,48.11619568,-1.68239999,189,6135.467773
1001-B-5030-5001,48.11630630,-1.68256795,190,6152.983398
1001-B-5030-5001,48.11640549,-1.68274701,191,6170.254883
1001-B-5030-5001,48.11649704,-1.68293703,192,6187.650879
1001-B-5030-5001,48.11656570,-1.68309498,193,6201.643555
1001-B-5030-5001,48.11663055,-1.68327200,194,6216.633301
1001-B-5030-5001,48.11669922,-1.68347704,195,6233.662598
1001-B-5030-5001,48.11680222,-1.68381703,196,6261.378418
1001-B-5030-5001,48.11738205,-1.68586695,197,6426.648926
1001-B-5030-5001,48.11746979,-1.68615496,198,6450.149902
1001-B-5030-5001,48.11755753,-1.68640304,199,6470.990234
1001-B-5030-5001,48.11762238,-1.68656397,200,6484.944336
1001-B-5030-5001,48.11769104,-1.68672299,201,6499.003418
1001-B-5030-5001,48.11776733,-1.68688595,202,6513.778809
1001-B-5030-5001,48.11783218,-1.68702197,203,6526.186523
1001-B-5030-5001,48.11834335,-1.68798995,204,6617.805664
1001-B-5030-5001,48.11843491,-1.68814898,205,6633.394043
1001-B-5030-5001,48.11850357,-1.68826902,206,6645.128906
1001-B-5030-5001,48.11862564,-1.68844199,207,6663.813477
1001-B-5030-5001,48.11875534,-1.68859601,208,6682.217285
1001-B-5030-5001,48.11889267,-1.68873298,209,6700.562988
1001-B-5030-5001,48.11901855,-1.68883705,210,6716.551270
1001-B-5030-5001,48.11912155,-1.68891096,211,6729.250000
1001-B-5030-5001,48.11924744,-1.68899000,212,6744.427734
1001-B-5030-5001,48.12017059,-1.68953001,213,6854.627441
1001-B-5030-5001,48.12037277,-1.68965399,214,6878.919434
1001-B-5030-5001,48.12048721,-1.68973505,215,6892.995605
1001-B-5030-5001,48.12057114,-1.68980205,216,6903.569824
1001-B-5030-5001,48.12065887,-1.68987894,217,6914.873047
1001-B-5030-5001,48.12074661,-1.68996501,218,6926.534668
1001-B-5030-5001,48.12086868,-1.69010496,219,6943.627441
1001-B-5030-5001,48.12096786,-1.69024301,220,6958.681641
1001-B-5030-5001,48.12106705,-1.69040096,221,6974.778320
1001-B-5030-5001,48.12115097,-1.69056106,222,6989.888184
1001-B-5030-5001,48.12123489,-1.69073999,223,7006.120605
1001-B-5030-5001,48.12130356,-1.69092798,224,7022.027344
1001-B-5030-5001,48.12136459,-1.69111300,225,7037.346191
1001-B-5030-5001,48.12141418,-1.69131196,226,7053.110840
1001-B-5030-5001,48.12145996,-1.69155502,227,7071.857422
1001-B-5030-5001,48.12150192,-1.69185996,228,7094.968262
1001-B-5030-5001,48.12155914,-1.69240105,229,7135.633789
1001-B-5030-5001,48.12157059,-1.69256604,230,7147.946289
1001-B-5030-5001,48.12157822,-1.69268000,231,7156.448242
1001-B-5030-5001,48.12157822,-1.69279897,232,7165.279297
1001-B-5030-5001,48.12157440,-1.69293404,233,7175.313477
1001-B-5030-5001,48.12151718,-1.69434404,234,7280.169434
1001-B-5030-5001,48.12150955,-1.69466400,235,7303.934570
1001-B-5030-5001,48.12151337,-1.69488502,236,7320.345703
1001-B-5030-5001,48.12151718,-1.69505799,237,7333.192383
1001-B-5030-5001,48.12156677,-1.69596803,238,7400.968262
1001-B-5030-5001,48.12157059,-1.69614506,239,7414.115234
1001-B-5030-5001,48.12156296,-1.69630003,240,7425.649902
1001-B-5030-5001,48.12155151,-1.69645500,241,7437.223145
1001-B-5030-5001,48.12153244,-1.69660795,242,7448.772461
1001-B-5030-5001,48.12149811,-1.69676805,243,7461.254395
1001-B-5030-5001,48.12145996,-1.69692504,244,7473.656250
1001-B-5030-5001,48.12142181,-1.69704795,245,7483.717285
1001-B-5030-5001,48.12138367,-1.69715905,246,7492.991211
1001-B-5030-5001,48.12122345,-1.69757605,247,7528.705078
1001-B-5030-5001,48.12116623,-1.69773996,248,7542.435547
1001-B-5030-5001,48.12111664,-1.69789100,249,7554.929199
1001-B-5030-5001,48.12108231,-1.69802797,250,7565.789551
1001-B-5030-5001,48.12104797,-1.69819701,251,7578.905273
1001-B-5030-5001,48.12102890,-1.69834995,252,7590.454590
1001-B-5030-5001,48.12101364,-1.69851506,253,7602.827148
1001-B-5030-5001,48.12100601,-1.69867003,254,7614.361816
1001-B-5030-5001,48.12101364,-1.69887805,255,7629.826172
1001-B-5030-5001,48.12103271,-1.69908202,256,7645.114746
1001-B-5030-5001,48.12107086,-1.69930506,257,7662.205566
1001-B-5030-5001,48.12116623,-1.69978094,258,7699.086914
1001-B-5030-5001,48.12120438,-1.70001197,259,7716.752930
1001-B-5030-5001,48.12121964,-1.70012498,260,7725.311523
1001-B-5030-5001,48.12123108,-1.70023298,261,7733.428711
1001-B-5030-5001,48.12124252,-1.70046198,262,7750.474609
1001-B-5030-5001,48.12124252,-1.70071101,263,7768.959961
1001-B-5030-5001,48.12122726,-1.70319796,264,7953.570801
1001-B-5030-5001,48.12131119,-1.70745206,265,8269.486328
1001-B-5030-5001,48.12131119,-1.70777798,266,8293.678711
1001-B-5030-5001,48.12127686,-1.70874000,267,8365.190430
1001-B-5030-5001,48.12127304,-1.70905805,268,8388.802734
1001-B-5030-5001,48.12131119,-1.71218503,269,8620.953125
1002-A-5050-5064,48.13161087,-1.61990499,1,0.000000
1002-A-5050-5064,48.13120651,-1.62044895,2,60.425858
1002-A-5050-5064,48.13106537,-1.62062502,3,80.848061
1002-A-5050-5064,48.13099670,-1.62069702,4,90.167389
1002-A-5050-5064,48.13094711,-1.62074697,5,96.811836
1002-A-5050-5064,48.13085556,-1.62082100,6,108.379944
1002-A-5050-5064,48.13076019,-1.62088299,7,119.939240
1002-A-5050-5064,48.13066101,-1.62093103,8,131.529800
1002-A-5050-5064,48.13056183,-1.62096596,9,142.858902
1002-A-5050-5064,48.13047791,-1.62098396,10,152.285889
1002-A-5050-5064,48.13039780,-1.62099504,11,161.231476
1002-A-5050-5064,48.13021469,-1.62100399,12,181.602692
1002-A-5050-5064,48.12915421,-1.62100601,13,299.523438
1002-A-5050-5064,48.12897110,-1.62100995,14,319.885925
1002-A-5050-5064,48.12883759,-1.62101996,15,334.750641
1002-A-5050-5064,48.12873459,-1.62103498,16,346.257477
1002-A-5050-5064,48.12868118,-1.62104499,17,352.242249
1002-A-5050-5064,48.12852478,-1.62109101,18,369.965576
1002-A-5050-5064,48.12836838,-1.62115800,19,388.053619
1002-A-5050-5064,48.12821960,-1.62124503,20,405.812561
1002-A-5050-5064,48.12807465,-1.62135196,21,423.779053
1002-A-5050-5064,48.12793350,-1.62147701,22,442.012451
1002-A-5050-5064,48.12780380,-1.62162101,23,459.963074
1002-A-5050-5064,48.12768555,-1.62178099,24,477.679962
1002-A-5050-5064,48.12757492,-1.62195694,25,495.620361
1002-A-5050-5064,48.12747574,-1.62214696,26,513.523743
1002-A-5050-5064,48.12738419,-1.62234998,27,531.708069
1002-A-5050-5064,48.12731171,-1.62256300,28,549.454529
1002-A-5050-5064,48.12724686,-1.62278605,29,567.510986
1002-A-5050-5064,48.12719727,-1.62301600,30,585.447021
1002-A-5050-5064,48.12716293,-1.62325096,31,603.298889
1002-A-5050-5064,48.12714386,-1.62349105,32,621.244019
1002-A-5050-5064,48.12713623,-1.62377095,33,642.035889
1002-A-5050-5064,48.12714005,-1.62392700,34,653.625366
1002-A-5050-5064,48.12715149,-1.62412202,35,668.156128
1002-A-5050-5064,48.12717438,-1.62439299,36,688.427490
1002-A-5050-5064,48.12730026,-1.62565601,37,783.208618
1002-A-5050-5064,48.12733078,-1.62603498,38,811.539551
1002-A-5050-5064,48.12733841,-1.62617803,39,822.190613
1002-A-5050-5064,48.12734222,-1.62647605,40,844.314026
1002-A-5050-5064,48.12733078,-1.62677395,41,866.461060
1002-A-5050-5064,48.12730026,-1.62706995,42,888.690491
1002-A-5050-5064,48.12726974,-1.62730896,43,906.751831
1002-A-5050-5064,48.12702179,-1.62873197,44,1015.907043
1002-A-5050-5064,48.12697983,-1.62894404,45,1032.324219
1002-A-5050-5064,48.12692642,-1.62917399,46,1050.395264
1002-A-5050-5064,48.12687302,-1.62936997,47,1066.106567
1002-A-5050-5064,48.12681580,-1.62956297,48,1081.780640
1002-A-5050-5064,48.12672424,-1.62984598,49,1105.122314
1002-A-5050-5064,48.12654495,-1.63031304,50,1145.112061
1002-A-5050-5064,48.12634659,-1.63076103,51,1185.013184
1002-A-5050-5064,48.12610245,-1.63124096,52,1229.800171
1002-A-5050-5064,48.12586975,-1.63164794,53,1269.573975
1002-A-5050-5064,48.12308884,-1.63631201,54,1733.755371
1002-A-5050-5064,48.12300110,-1.63646197,55,1748.556885
1002-A-5050-5064,48.12291718,-1.63661504,56,1763.259521
1002-A-5050-5064,48.12287903,-1.63669300,57,1770.434570
1002-A-5050-5064,48.12278748,-1.63689005,58,1788.255127
1002-A-5050-5064,48.12269974,-1.63709497,59,1806.325562
1002-A-5050-5064,48.12262344,-1.63730705,60,1824.207520
1002-A-5050-5064,48.12255478,-1.63753104,61,1842.503296
1002-A-5050-5064,48.12248993,-1.63775802,62,1860.829224
1002-A-5050-5064,48.12196732,-1.63972604,63,2018.045166
1002-A-5050-5064,48.12193680,-1.63985801,64,2028.411743
1002-A-5050-5064,48.12191772,-1.63996506,65,2036.635986
1002-A-5050-5064,48.12190247,-1.64007401,66,2044.899780
1002-A-5050-5064,48.12189102,-1.64019001,67,2053.603027
1002-A-5050-5064,48.12188721,-1.64030695,68,2062.293945
1002-A-5050-5064,48.12189865,-1.64048004,69,2075.205078
1002-A-5050-5064,48.12191391,-1.64061701,70,2085.512695
1002-A-5050-5064,48.12194061,-1.64077902,71,2097.899170
1002-A-5050-5064,48.12294388,-1.64565694,72,2476.770264
1002-A-5050-5064,48.12300110,-1.64598298,73,2501.793213
1002-A-5050-5064,48.12302399,-1.64612997,74,2512.996338
1002-A-5050-5064,48.12303543,-1.64624095,75,2521.331787
1002-A-5050-5064,48.12305069,-1.64646602,76,2538.123779
1002-A-5050-5064,48.12305450,-1.64669299,77,2554.976563
1002-A-5050-5064,48.12304306,-1.64691901,78,2571.801514
1002-A-5050-5064,48.12301636,-1.64714205,79,2588.621094
1002-A-5050-5064,48.12297821,-1.64736104,80,2605.419922
1002-A-5050-5064,48.12293625,-1.64753795,81,2619.355469
1002-A-5050-5064,48.12287903,-1.64774597,82,2636.055664
1002-A-5050-5064,48.12264252,-1.64846897,83,2695.819336
1002-A-5050-5064,48.12257385,-1.64871502,84,2715.614502
1002-A-5050-5064,48.12253571,-1.64887297,85,2728.082520
1002-A-5050-5064,48.12250519,-1.64904201,86,2741.080566
1002-A-5050-5064,48.12248611,-1.64921498,87,2754.093750
1002-A-5050-5064,48.12247467,-1.64938903,88,2767.075195
1002-A-5050-5064,48.12247849,-1.64956403,89,2780.071777
1002-A-5050-5064,48.12248993,-1.64973795,90,2793.044434
1002-A-5050-5064,48.12251282,-1.64990997,91,2806.063965
1002-A-5050-5064,48.12254333,-1.65007806,92,2818.993652
1002-A-5050-5064,48.12258530,-1.65024197,93,2832.024414
1002-A-5050-5064,48.12263489,-1.65039897,94,2844.916748
1002-A-5050-5064,48.12269592,-1.65054905,95,2857.961670
1002-A-5050-5064,48.12276459,-1.65068996,96,2870.910889
1002-A-5050-5064,48.12284470,-1.65082097,97,2884.098633
1002-A-5050-5064,48.12292862,-1.65094197,98,2897.050293
1002-A-5050-5064,48.12302017,-1.65105104,99,2910.057373
1002-A-5050-5064,48.12311935,-1.65114701,100,2923.186279
1002-A-5050-5064,48.12322235,-1.65122998,101,2936.189941
1002-A-5050-5064,48.12332916,-1.65129900,102,2949.124512
1002-A-5050-5064,48.12343979,-1.65135300,103,2962.062256
1002-A-5050-5064,48.12355042,-1.65139198,104,2974.698975
1002-A-5050-5064,48.12366104,-1.65142000,105,2987.174561
1002-A-5050-5064,48.12379456,-1.65144706,106,3002.156006
1002-A-5050-5064,48.12738037,-1.65208304,107,3403.665039
1002-A-5050-5064,48.12752151,-1.65211499,108,3419.537598
1002-A-5050-5064,48.12766266,-1.65215504,109,3435.511230
1002-A-5050-5064,48.12771988,-1.65217400,110,3442.027344
1002-A-5050-5064,48.12791443,-1.65225899,111,3464.561279
1002-A-5050-5064,48.12810516,-1.65236998,112,3487.313477
1002-A-5050-5064,48.12828827,-1.65250599,113,3510.039307
1002-A-5050-5064,48.12845993,-1.65266597,114,3532.518555
1002-A-5050-5064,48.12862396,-1.65284896,115,3555.259033
1002-A-5050-5064,48.12877655,-1.65305305,116,3578.003418
1002-A-5050-5064,48.12891388,-1.65327704,117,3600.576660
1002-A-5050-5064,48.12903976,-1.65351796,118,3623.284668
1002-A-5050-5064,48.12914658,-1.65377498,119,3645.755127
1002-A-5050-5064,48.12924194,-1.65404606,120,3668.497803
1002-A-5050-5064,48.12931824,-1.65432799,121,3691.076172
1002-A-5050-5064,48.12937546,-1.65462005,122,3713.666748
1002-A-5050-5064,48.12941742,-1.65491796,123,3736.263428
1002-A-5050-5064,48.12944412,-1.65522003,124,3758.878418
1002-A-5050-5064,48.12944794,-1.65534794,125,3768.381104
1002-A-5050-5064,48.12944794,-1.65560496,126,3787.455811
1002-A-5050-5064,48.12944031,-1.65590405,127,3809.670166
1002-A-5050-5064,48.12935638,-1.65846503,128,3999.967041
1002-A-5050-5064,48.12933731,-1.65881705,129,4026.179443
1002-A-5050-5064,48.12929535,-1.65927994,130,4060.849121
1002-A-5050-5064,48.12922668,-1.65973699,131,4095.618652
1002-A-5050-5064,48.12913132,-1.66018295,132,4130.374023
1002-A-5050-5064,48.12900925,-1.66061401,133,4165.126953
1002-A-5050-5064,48.12886047,-1.66102803,134,4200.024414
1002-A-5050-5064,48.12869263,-1.66142094,135,4234.646484
1002-A-5050-5064,48.12850189,-1.66179097,136,4269.345703
1002-A-5050-5064,48.12828827,-1.66213405,137,4304.167969
1002-A-5050-5064,48.12819672,-1.66226304,138,4318.142578
1002-A-5050-5064,48.12805557,-1.66244698,139,4338.943848
1002-A-5050-5064,48.12790680,-1.66261804,140,4359.796875
1002-A-5050-5064,48.12777710,-1.66274798,141,4377.146484
1002-A-5050-5064,48.12762070,-1.66288698,142,4397.367188
1002-A-5050-5064,48.12745667,-1.66301000,143,4417.764648
1002-A-5050-5064,48.12728882,-1.66311598,144,4438.018066
1002-A-5050-5064,48.12722778,-1.66314900,145,4445.233398
1002-A-5050-5064,48.12704849,-1.66323698,146,4466.211914
1002-A-5050-5064,48.12643814,-1.66351402,147,4537.126465
1002-A-5050-5064,48.12622070,-1.66362906,148,4562.767578
1002-A-5050-5064,48.12600708,-1.66375995,149,4588.431641
1002-A-5050-5064,48.12579727,-1.66390800,150,4614.219727
1002-A-5050-5064,48.12390137,-1.66542196,151,4853.113770
1002-A-5050-5064,48.12367630,-1.66559196,152,4881.140625
1002-A-5050-5064,48.12347794,-1.66573596,153,4905.651367
1002-A-5050-5064,48.12324905,-1.66588902,154,4933.522461
1002-A-5050-5064,48.12253952,-1.66634297,155,5019.313477
1002-A-5050-5064,48.12236404,-1.66644502,156,5040.243652
1002-A-5050-5064,48.12217712,-1.66653299,157,5062.030273
1002-A-5050-5064,48.12201691,-1.66659200,158,5080.375977
1002-A-5050-5064,48.12185287,-1.66663504,159,5098.893066
1002-A-5050-5064,48.12175751,-1.66665399,160,5109.590332
1002-A-5050-5064,48.12157059,-1.66667998,161,5130.464355
1002-A-5050-5064,48.12090683,-1.66675305,162,5204.469727
1002-A-5050-5064,48.12070847,-1.66678298,163,5226.638672
1002-A-5050-5064,48.12054062,-1.66682398,164,5245.548828
1002-A-5050-5064,48.12033844,-1.66689503,165,5268.640625
1002-A-5050-5064,48.12014771,-1.66699398,166,5291.084961
1002-A-5050-5064,48.11996078,-1.66711795,167,5313.815918
1002-A-5050-5064,48.11978149,-1.66726601,168,5336.580566
1002-A-5050-5064,48.11960983,-1.66743898,169,5359.585449
1002-A-5050-5064,48.11945343,-1.66763306,170,5382.168457
1002-A-5050-5064,48.11930847,-1.66784799,171,5404.848145
1002-A-5050-5064,48.11917496,-1.66808200,172,5427.698730
1002-A-5050-5064,48.11905670,-1.66833198,173,5450.441895
1002-A-5050-5064,48.11895752,-1.66859806,174,5473.063965
1002-A-5050-5064,48.11887360,-1.66887605,175,5495.711914
1002-A-5050-5064,48.11880493,-1.66916394,176,5518.405762
1002-A-5050-5064,48.11875534,-1.66946006,177,5541.068359
1002-A-5050-5064,48.11873245,-1.66962802,178,5553.793945
1002-A-5050-5064,48.11871338,-1.66983998,179,5569.669922
1002-A-5050-5064,48.11869812,-1.67009497,180,5588.674316
1002-A-5050-5064,48.11859131,-1.67202997,181,5732.805176
1002-A-5050-5064,48.11833954,-1.67723095,182,6119.902832
1002-A-5050-5064,48.11832428,-1.67744601,183,6135.957031
1002-A-5050-5064,48.11830521,-1.67765903,184,6151.912109
1002-A-5050-5064,48.11829376,-1.67774403,185,6158.348633
1002-A-5050-5064,48.11824799,-1.67803299,186,6180.395020
1002-A-5050-5064,48.11818314,-1.67831504,187,6202.539551
1002-A-5050-5064,48.11810684,-1.67858696,188,6224.435059
1002-A-5050-5064,48.11800766,-1.67884803,189,6246.733398
1002-A-5050-5064,48.11790085,-1.67909503,190,6268.579590
1002-A-5050-5064,48.11777496,-1.67932701,191,6290.771973
1002-A-5050-5064,48.11763763,-1.67954099,192,6312.806152
1002-A-5050-5064,48.11748505,-1.67973697,193,6335.156250
1002-A-5050-5064,48.11732483,-1.67991197,194,6357.205078
1002-A-5050-5064,48.11715317,-1.68006599,195,6379.455566
1002-A-5050-5064,48.11697769,-1.68019605,196,6401.225586
1002-A-5050-5064,48.11679077,-1.68030202,197,6423.449219
1002-A-5050-5064,48.11660004,-1.68038404,198,6445.514648
1002-A-5050-5064,48.11640549,-1.68043995,199,6467.541992
1002-A-5050-5064,48.11620712,-1.68047094,200,6489.718750
1002-A-5050-5064,48.11600876,-1.68047500,201,6511.777832
1002-A-5050-5064,48.11580658,-1.68045294,202,6534.318848
1002-A-5050-5064,48.11561203,-1.68040502,203,6556.242188
1002-A-5050-5064,48.11541748,-1.68033099,204,6578.562500
1002-A-5050-5064,48.11530685,-1.68027604,205,6591.522461
1002-A-5050-5064,48.11516953,-1.68019903,206,6607.827637
1002-A-5050-5064,48.11414719,-1.67958105,207,6730.415039
1002-A-5050-5064,48.11382675,-1.67940104,208,6768.469238
1002-A-5050-5064,48.11350250,-1.67923999,209,6806.455078
1002-A-5050-5064,48.11317825,-1.67909706,210,6844.039063
1002-A-5050-5064,48.11262894,-1.67887795,211,6907.249023
1002-A-5050-5064,48.11241531,-1.67878497,212,6931.985840
1002-A-5050-5064,48.11235809,-1.67875504,213,6938.725098
1002-A-5050-5064,48.11214066,-1.67862499,214,6964.759766
1002-A-5050-5064,48.11192703,-1.67846704,215,6991.250488
1002-A-5050-5064,48.11172867,-1.67828202,216,7017.234863
1002-A-5050-5064,48.11153793,-1.67807102,217,7043.601563
1002-A-5050-5064,48.11136246,-1.67783701,218,7069.727539
1002-A-5050-5064,48.11119843,-1.67758000,219,7096.124512
1002-A-5050-5064,48.11105347,-1.67730403,220,7122.193359
1002-A-5050-5064,48.11098099,-1.67715001,221,7136.183105
1002-A-5050-5064,48.11087799,-1.67691195,222,7157.244141
1002-A-5050-5064,48.10981369,-1.67432106,223,7383.093262
1002-A-5050-5064,48.10976791,-1.67421496,224,7392.471680
1002-A-5050-5064,48.10963058,-1.67391300,225,7419.597168
1002-A-5050-5064,48.10947800,-1.67362297,226,7447.012695
1002-A-5050-5064,48.10931778,-1.67334497,227,7474.277832
1002-A-5050-5064,48.10891342,-1.67270505,228,7539.691895
1002-A-5050-5064,48.10882187,-1.67255402,229,7554.837402
1002-A-5050-5064,48.10875702,-1.67243004,230,7566.530762
1002-A-5050-5064,48.10866928,-1.67225504,231,7582.778809
1002-A-5050-5064,48.10857773,-1.67204499,232,7601.402832
1002-A-5050-5064,48.10819626,-1.67108703,233,7684.217285
1002-A-5050-5064,48.10812759,-1.67092502,234,7698.464355
1002-A-5050-5064,48.10805511,-1.67076600,235,7712.759766
1002-A-5050-5064,48.10790634,-1.67048204,236,7739.558594
1002-A-5050-5064,48.10774231,-1.67021799,237,7766.335938
1002-A-5050-5064,48.10756302,-1.66997802,238,7793.073730
1002-A-5050-5064,48.10736847,-1.66976202,239,7820.003418
1002-A-5050-5064,48.10716629,-1.66957295,240,7846.507813
1002-A-5050-5064,48.10702896,-1.66946602,241,7863.718750
1002-A-5050-5064,48.10691452,-1.66938698,242,7877.731934
1002-A-5050-5064,48.10674667,-1.66929305,243,7897.656250
1002-A-5050-5064,48.10657120,-1.66921699,244,7917.969238
1002-A-5050-5064,48.10647583,-1.66918397,245,7928.853516
1002-A-5050-5064,48.10639954,-1.66916394,246,7937.466309
1002-A-5050-5064,48.10629654,-1.66914403,247,7949.013672
1002-A-5050-5064,48.10622025,-1.66913295,248,7957.537109
1002-A-5050-5064,48.10611725,-1.66912699,249,7968.998535
1002-A-5050-5064,48.10601425,-1.66912901,250,7980.452148
1002-A-5050-5064,48.10596466,-1.66913295,251,7985.974121
1002-A-5050-5064,48.10581207,-1.66915905,252,8003.051758
1002-A-5050-5064,48.10565948,-1.66920400,253,8020.343750
1002-A-5050-5064,48.10551071,-1.66926801,254,8037.555664
1002-A-5050-5064,48.10536575,-1.66935098,255,8054.811523
1002-A-5050-5064,48.10522842,-1.66945195,256,8071.823242
1002-A-5050-5064,48.10509491,-1.66956997,257,8089.062500
1002-A-5050-5064,48.10496902,-1.66970503,258,8106.282227
1002-A-5050-5064,48.10485077,-1.66985500,259,8123.513184
1002-A-5050-5064,48.10474396,-1.67001998,260,8140.575684
1002-A-5050-5064,48.10464478,-1.67019796,261,8157.788574
1002-A-5050-5064,48.10455704,-1.67038703,262,8174.884277
1002-A-5050-5064,48.10448074,-1.67058802,263,8192.050781
1002-A-5050-5064,48.10441589,-1.67079699,264,8209.161133
1002-A-5050-5064,48.10436249,-1.67101395,265,8226.331055
1002-A-5050-5064,48.10434723,-1.67108905,266,8232.160156
1002-A-5050-5064,48.10431671,-1.67128098,267,8246.809570
1002-A-5050-5064,48.10427856,-1.67155194,268,8267.372070
1002-A-5050-5064,48.10411835,-1.67286503,269,8366.488281
1002-A-5050-5064,48.10408020,-1.67321706,270,8392.968750
1002-A-5050-5064,48.10405731,-1.67361701,271,8422.775391
1002-A-5050-5064,48.10405731,-1.67401898,272,8452.623047
1002-A-5050-5064,48.10408020,-1.67441905,273,8482.438477
1002-A-5050-5064,48.10412598,-1.67481506,274,8512.281250
1002-A-5050-5064,48.10419464,-1.67520404,275,8542.156250
1002-A-5050-5064,48.10428238,-1.67558205,276,8571.873047
1002-A-5050-5064,48.10439682,-1.67594802,277,8601.878906
1002-A-5050-5064,48.10452652,-1.67629802,278,8631.601563
1002-A-5050-5064,48.10467911,-1.67663097,279,8661.585938
1002-A-5050-5064,48.10484695,-1.67694294,280,8691.333984
1002-A-5050-5064,48.10501099,-1.67720306,281,8717.899414
1002-A-5050-5064,48.10559082,-1.67808604,282,8809.852539
1002-A-5050-5064,48.10573196,-1.67831397,283,8832.933594
1002-A-5050-5064,48.10581207,-1.67846501,284,8847.255859
1002-A-5050-5064,48.10589981,-1.67865098,285,8864.163086
1002-A-5050-5064,48.10597229,-1.67884696,286,8880.797852
1002-A-5050-5064,48.10603714,-1.67905104,287,8897.579102
1002-A-5050-5064,48.10608673,-1.67926300,288,8914.254883
1002-A-5050-5064,48.10612869,-1.67947996,289,8931.026367
1002-A-5050-5064,48.10615540,-1.67970204,290,8947.782227
1002-A-5050-5064,48.10617065,-1.67992604,291,8964.500000
1002-A-5050-5064,48.10617447,-1.68015099,292,8981.208008
1002-A-5050-5064,48.10616302,-1.68037605,293,8997.967773
1002-A-5050-5064,48.10615540,-1.68045199,294,9003.669922
1002-A-5050-5064,48.10614014,-1.68060505,295,9015.161133
1002-A-5050-5064,48.10612106,-1.68075705,296,9026.643555
1002-A-5050-5064,48.10607910,-1.68102002,297,9046.719727
1002-A-5050-5064,48.10571289,-1.68322802,298,9215.647461
1002-A-5050-5064,48.10567474,-1.68349898,299,9236.208984
1002-A-5050-5064,48.10562897,-1.68396294,300,9271.032227
1002-A-5050-5064,48.10561371,-1.68443096,301,9305.825195
1002-A-5050-5064,48.10562134,-1.68489897,302,9340.585938
1002-A-5050-5064,48.10564804,-1.68528497,303,9369.400391
1002-A-5050-5064,48.10578918,-1.68688095,304,9488.938477
1002-A-5050-5064,48.10581207,-1.68720698,305,9513.280273
1002-A-5050-5064,48.10581970,-1.68734801,306,9523.786133
1002-A-5050-5064,48.10582352,-1.68770003,307,9549.927734
1002-A-5050-5064,48.10580444,-1.68805099,308,9576.072266
1002-A-5050-5064,48.10576630,-1.68839896,309,9602.255859
1002-A-5050-5064,48.10570908,-1.68874002,310,9628.367188
1002-A-5050-5064,48.10563278,-1.68907201,311,9654.437500
1002-A-5050-5064,48.10554123,-1.68937302,312,9678.996094
1002-A-5050-5064,48.10536575,-1.68991804,313,9723.923828
1002-A-5050-5064,48.10530090,-1.69013000,314,9741.235352
1002-A-5050-5064,48.10525131,-1.69030297,315,9755.211914
1002-A-5050-5064,48.10517883,-1.69060004,316,9778.696289
1002-A-5050-5064,48.10512543,-1.69090497,317,9802.104492
1002-A-5050-5064,48.10508728,-1.69121504,318,9825.514648
1002-A-5050-5064,48.10506439,-1.69152796,319,9848.889648
1002-A-5050-5064,48.10505676,-1.69176197,320,9866.285156
1002-A-5050-5064,48.10505676,-1.69209003,321,9890.645508
1002-A-5050-5064,48.10507965,-1.69655204,322,10221.968750
1002-A-5050-5064,48.10509109,-1.69761896,323,10301.200195
1002-A-5050-5064,48.10511780,-1.69858503,324,10372.995117
1002-A-5050-5064,48.10515594,-1.69955003,325,10444.773438
1002-A-5050-5064,48.10526276,-1.70178103,326,10610.855469
1002-A-5050-5064,48.10526657,-1.70203698,327,10629.864258
1002-A-5050-5064,48.10526657,-1.70222902,328,10644.124023
1002-A-5050-5064,48.10525894,-1.70242095,329,10658.400391
1002-A-5050-5064,48.10524368,-1.70261204,330,10672.690430
1002-A-5050-5064,48.10522842,-1.70274401,331,10682.634766
1002-A-5050-5064,48.10521317,-1.70287597,332,10692.579102
1002-A-5050-5064,48.10515213,-1.70326602,333,10722.326172
1002-A-5050-5064,48.10506439,-1.70364702,334,10752.250977
1002-A-5050-5064,48.10495758,-1.70401502,335,10782.044922
1002-A-5050-5064,48.10483170,-1.70436800,336,10811.757813
1002-A-5050-5064,48.10468292,-1.70470405,337,10841.696289
1002-A-5050-5064,48.10451889,-1.70501900,338,10871.354492
1002-A-5050-5064,48.10433578,-1.70531201,339,10901.152344
1002-A-5050-5064,48.10413361,-1.70558095,340,10931.222656
1002-A-5050-5064,48.10391998,-1.70582402,341,10961.054688
1002-A-5050-5064,48.10369110,-1.70603800,342,10991.058594
1002-A-5050-5064,48.10345459,-1.70622206,343,11020.696289
1002-A-5050-5064,48.10320663,-1.70637596,344,11050.541992
1002-A-5050-5064,48.10294724,-1.70649695,345,11080.752930
1002-A-5050-5064,48.10268784,-1.70658505,346,11110.329102
1002-A-5050-5064,48.10242081,-1.70663905,347,11140.291016
1002-A-5050-5064,48.10215378,-1.70665896,348,11170.020508
1002-A-5050-5064,48.10188293,-1.70664501,349,11200.154297
1002-A-5050-5064,48.10161591,-1.70659602,350,11230.068359
1002-A-5050-5064,48.10137177,-1.70652401,351,11257.737305
1002-A-5050-5064,48.10023880,-1.70616603,352,11386.491211
1002-A-5050-5064,48.10002518,-1.70609295,353,11410.857422
1002-A-5050-5064,48.09990311,-1.70604396,354,11424.910156
1002-A-5050-5064,48.09968567,-1.70593202,355,11450.477539
1002-A-5050-5064,48.09947205,-1.70579195,356,11476.408203
1002-A-5050-5064,48.09926605,-1.70562506,357,11502.452148
1002-A-5050-5064,48.09907150,-1.70543301,358,11528.363281
1002-A-5050-5064,48.09888840,-1.70521605,359,11554.327148
1002-A-5050-5064,48.09872055,-1.70497704,360,11580.083008
1002-A-5050-5064,48.09856415,-1.70471704,361,11606.068359
1002-A-5050-5064,48.09842682,-1.70443904,362,11631.747070
1002-A-5050-5064,48.09830475,-1.70414305,363,11657.581055
1002-A-5050-5064,48.09819794,-1.70383298,364,11683.490234
1002-A-5050-5064,48.09811020,-1.70351005,365,11709.380859
1002-A-5050-5064,48.09807205,-1.70333195,366,11723.270508
1002-A-5050-5064,48.09801102,-1.70301700,367,11747.624023
1002-A-5050-5064,48.09759521,-1.70072806,368,11923.782227
1002-A-5050-5064,48.09755325,-1.70052004,369,11939.919922
1002-A-5050-5064,48.09750748,-1.70031297,370,11956.118164
1002-A-5050-5064,48.09746933,-1.70015097,371,11968.875000
1002-A-5050-5064,48.09738922,-1.69989097,372,11990.138672
1002-A-5050-5064,48.09729767,-1.69964302,373,12011.179688
1002-A-5050-5064,48.09719086,-1.69940603,374,12032.411133
1002-A-5050-5064,48.09705353,-1.69915199,375,12056.682617
1002-A-5050-5064,48.09697342,-1.69902503,376,12069.653320
1002-A-5050-5064,48.09688950,-1.69890296,377,12082.664063
1002-A-5050-5064,48.09676361,-1.69872499,378,12101.916016
1002-A-5050-5064,48.09621048,-1.69797802,379,12184.742188
1002-A-5050-5064,48.09609604,-1.69783199,380,12201.461914
1002-A-5050-5064,48.09604263,-1.69777405,381,12208.794922
1002-A-5050-5064,48.09600067,-1.69773304,382,12214.367188
1002-A-5050-5064,48.09593964,-1.69768596,383,12222.001953
1002-A-5050-5064,48.09587860,-1.69764698,384,12229.379883
1002-A-5050-5064,48.09581375,-1.69761705,385,12236.925781
1002-A-5050-5064,48.09574890,-1.69759703,386,12244.288086
1002-A-5050-5064,48.09568024,-1.69758499,387,12251.975586
1002-A-5050-5064,48.09561157,-1.69758201,388,12259.614258
1002-A-5050-5064,48.09554291,-1.69758904,389,12267.266602
1002-A-5050-5064,48.09547806,-1.69760597,390,12274.586914
1002-A-5050-5064,48.09539795,-1.69763696,391,12283.787109
1002-A-5050-5064,48.09529114,-1.69769800,392,12296.500000
1002-A-5050-5064,48.09516144,-1.69779897,393,12312.754883
1002-A-5050-5064,48.09493637,-1.69801199,394,12342.362305
1002-A-5050-5064,48.09475327,-1.69822502,395,12368.146484
1002-A-5050-5064,48.09458542,-1.69846106,396,12393.751953
1002-A-5050-5064,48.09442520,-1.69871795,397,12419.855469
1002-A-5050-5064,48.09428787,-1.69899404,398,12445.421875
1002-A-5050-5064,48.09416199,-1.69928706,399,12471.295898
1002-A-5050-5064,48.09409332,-1.69946599,400,12486.623047
1002-A-5050-5064,48.09403229,-1.69964695,401,12501.678711
1002-A-5050-5064,48.09337616,-1.70164800,402,12667.236328
1002-A-5050-5064,48.09329605,-1.70187104,403,12686.043945
1002-A-5050-5064,48.09315109,-1.70220399,404,12715.561523
1002-A-5050-5064,48.09298706,-1.70251405,405,12744.938477
1002-A-5050-5064,48.09280396,-1.70279801,406,12774.252930
1002-A-5050-5064,48.09260178,-1.70305502,407,12803.744141
1002-A-5050-5064,48.09240723,-1.70326197,408,12830.282227
1002-A-5050-5064,48.09168243,-1.70397997,409,12926.919922
1002-B-5065-5079,48.09168243,-1.70397997,1,0.000000
1002-B-5065-5079,48.09240723,-1.70326197,2,96.638412
1002-B-5065-5079,48.09260178,-1.70305502,3,123.175598
1002-B-5065-5079,48.09280396,-1.70279801,4,152.667633
1002-B-5065-5079,48.09298706,-1.70251405,5,181.981613
1002-B-5065-5079,48.09315109,-1.70220399,6,211.358170
1002-B-5065-5079,48.09329605,-1.70187104,7,240.875793
1002-B-5065-5079,48.09337616,-1.70164800,8,259.683960
1002-B-5065-5079,48.09403229,-1.69964695,9,425.241638
1002-B-5065-5079,48.09409332,-1.69946599,10,440.297607
1002-B-5065-5079,48.09416199,-1.69928706,11,455.623840
1002-B-5065-5079,48.09428787,-1.69899404,12,481.498749
1002-B-5065-5079,48.09442520,-1.69871795,13,507.064667
1002-B-5065-5079,48.09458542,-1.69846106,14,533.168213
1002-B-5065-5079,48.09475327,-1.69822502,15,558.773315
1002-B-5065-5079,48.09493637,-1.69801199,16,584.557922
1002-B-5065-5079,48.09516144,-1.69779897,17,614.165649
1002-B-5065-5079,48.09529114,-1.69769800,18,630.420593
1002-B-5065-5079,48.09539795,-1.69763696,19,643.133057
1002-B-5065-5079,48.09547806,-1.69760597,20,652.333374
1002-B-5065-5079,48.09554291,-1.69758904,21,659.653076
1002-B-5065-5079,48.09561157,-1.69758201,22,667.306091
1002-B-5065-5079,48.09568024,-1.69758499,23,674.944458
1002-B-5065-5079,48.09574890,-1.69759703,24,682.631775
1002-B-5065-5079,48.09581375,-1.69761705,25,689.994568
1002-B-5065-5079,48.09587860,-1.69764698,26,697.540161
1002-B-5065-5079,48.09593964,-1.69768596,27,704.918579
1002-B-5065-5079,48.09600067,-1.69773304,28,712.553345
1002-B-5065-5079,48.09604263,-1.69777405,29,718.125244
1002-B-5065-5079,48.09609604,-1.69783199,30,725.458557
1002-B-5065-5079,48.09621048,-1.69797802,31,742.178223
1002-B-5065-5079,48.09676361,-1.69872499,32,825.004395
1002-B-5065-5079,48.09688950,-1.69890296,33,844.256409
1002-B-5065-5079,48.09697342,-1.69902503,34,857.266602
1002-B-5065-5079,48.09705353,-1.69915199,35,870.237427
1002-B-5065-5079,48.09719086,-1.69940603,36,894.508667
1002-B-5065-5079,48.09729767,-1.69964302,37,915.740845
1002-B-5065-5079,48.09738922,-1.69989097,38,936.781555
1002-B-5065-5079,48.09746933,-1.70015097,39,958.045410
1002-B-5065-5079,48.09750748,-1.70031297,40,970.802307
1002-B-5065-5079,48.09755325,-1.70052004,41,987.000244
1002-B-5065-5079,48.09759521,-1.70072806,42,1003.137756
1002-B-5065-5079,48.09801102,-1.70301700,43,1179.296265
1002-B-5065-5079,48.09807205,-1.70333195,44,1203.650146
1002-B-5065-5079,48.09811020,-1.70351005,45,1217.539673
1002-B-5065-5079,48.09819794,-1.70383298,46,1243.430298
1002-B-5065-5079,48.09830475,-1.70414305,47,1269.338867
1002-B-5065-5079,48.09842682,-1.70443904,48,1295.173340
1002-B-5065-5079,48.09856415,-1.70471704,49,1320.851685
1002-B-5065-5079,48.09872055,-1.70497704,50,1346.837036
1002-B-5065-5079,48.09888840,-1.70521605,51,1372.593140
1002-B-5065-5079,48.09907150,-1.70543301,52,1398.557251
1002-B-5065-5079,48.09926605,-1.70562506,53,1424.468140
1002-B-5065-5079,48.09947205,-1.70579195,54,1450.511597
1002-B-5065-5079,48.09968567,-1.70593202,55,1476.442993
1002-B-5065-5079,48.09990311,-1.70604396,56,1502.010010
1002-B-5065-5079,48.10002518,-1.70609295,57,1516.062744
1002-B-5065-5079,48.10023880,-1.70616603,58,1540.428467
1002-B-5065-5079,48.10137177,-1.70652401,59,1669.182617
1002-B-5065-5079,48.10161591,-1.70659602,60,1696.851318
1002-B-5065-5079,48.10188293,-1.70664501,61,1726.765625
1002-B-5065-5079,48.10215378,-1.70665896,62,1756.899902
1002-B-5065-5079,48.10242081,-1.70663905,63,1786.628906
1002-B-5065-5079,48.10268784,-1.70658505,64,1816.590698
1002-B-5065-5079,48.10294724,-1.70649695,65,1846.167114
1002-B-5065-5079,48.10320663,-1.70637596,66,1876.377930
1002-B-5065-5079,48.10345459,-1.70622206,67,1906.223755
1002-B-5065-5079,48.10369110,-1.70603800,68,1935.861938
1002-B-5065-5079,48.10391998,-1.70582402,69,1965.865112
1002-B-5065-5079,48.10413361,-1.70558095,70,1995.697998
1002-B-5065-5079,48.10433578,-1.70531201,71,2025.767578
1002-B-5065-5079,48.10451889,-1.70501900,72,2055.565918
1002-B-5065-5079,48.10468292,-1.70470405,73,2085.223633
1002-B-5065-5079,48.10483170,-1.70436800,74,2115.161865
1002-B-5065-5079,48.10495758,-1.70401502,75,2144.875244
1002-B-5065-5079,48.10506439,-1.70364702,76,2174.669678
1002-B-5065-5079,48.10515213,-1.70326602,77,2204.594238
1002-B-5065-5079,48.10521317,-1.70287597,78,2234.341064
1002-B-5065-5079,48.10522842,-1.70274401,79,2244.285400
1002-B-5065-5079,48.10524368,-1.70261204,80,2254.229980
1002-B-5065-5079,48.10525894,-1.70242095,81,2268.520020
1002-B-5065-5079,48.10526657,-1.70222902,82,2282.796143
1002-B-5065-5079,48.10526657,-1.70203698,83,2297.055908
1002-B-5065-5079,48.10526276,-1.70178103,84,2316.064941
1002-B-5065-5079,48.10515594,-1.69955003,85,2482.146729
1002-B-5065-5079,48.10511780,-1.69858503,86,2553.925293
1002-B-5065-5079,48.10509109,-1.69761896,87,2625.719727
1002-B-5065-5079,48.10507965,-1.69655204,88,2704.951416
1002-B-5065-5079,48.10505676,-1.69209003,89,3036.275146
1002-B-5065-5079,48.10505676,-1.69176197,90,3060.634521
1002-B-5065-5079,48.10506439,-1.69152796,91,3078.031006
1002-B-5065-5079,48.10508728,-1.69121504,92,3101.405273
1002-B-5065-5079,48.10512543,-1.69090497,93,3124.815674
1002-B-5065-5079,48.10517883,-1.69060004,94,3148.223633
1002-B-5065-5079,48.10525131,-1.69030297,95,3171.708008
1002-B-5065-5079,48.10530090,-1.69013000,96,3185.685303
1002-B-5065-5079,48.10536575,-1.68991804,97,3202.996582
1002-B-5065-5079,48.10554123,-1.68937302,98,3247.923828
1002-B-5065-5079,48.10563278,-1.68907201,99,3272.483154
1002-B-5065-5079,48.10570908,-1.68874002,100,3298.553223
1002-B-5065-5079,48.10576630,-1.68839896,101,3324.664307
1002-B-5065-5079,48.10580444,-1.68805099,102,3350.847656
1002-B-5065-5079,48.10582352,-1.68770003,103,3376.992432
1002-B-5065-5079,48.10581970,-1.68734801,104,3403.134033
1002-B-5065-5079,48.10581207,-1.68720698,105,3413.639648
1002-B-5065-5079,48.10578918,-1.68688095,106,3437.981689
1002-B-5065-5079,48.10564804,-1.68528497,107,3557.519775
1002-B-5065-5079,48.10562134,-1.68489897,108,3586.334229
1002-B-5065-5079,48.10561371,-1.68443096,109,3621.095215
1002-B-5065-5079,48.10562897,-1.68396294,110,3655.887695
1002-B-5065-5079,48.10567474,-1.68349898,111,3690.711426
1002-B-5065-5079,48.10571289,-1.68322802,112,3711.273193
1002-B-5065-5079,48.10607910,-1.68102002,113,3880.200439
1002-B-5065-5079,48.10612106,-1.68075705,114,3900.276367
1002-B-5065-5079,48.10614014,-1.68060505,115,3911.759521
1002-B-5065-5079,48.10615540,-1.68045199,116,3923.250488
1002-B-5065-5079,48.10616302,-1.68037605,117,3928.952393
1002-B-5065-5079,48.10617447,-1.68015099,118,3945.712158
1002-B-5065-5079,48.10617065,-1.67992604,119,3962.419922
1002-B-5065-5079,48.10615540,-1.67970204,120,3979.138184
1002-B-5065-5079,48.10612869,-1.67947996,121,3995.893311
1002-B-5065-5079,48.10608673,-1.67926300,122,4012.665039
1002-B-5065-5079,48.10603714,-1.67905104,123,4029.340820
1002-B-5065-5079,48.10597229,-1.67884696,124,4046.122803
1002-B-5065-5079,48.10589981,-1.67865098,125,4062.757080
1002-B-5065-5079,48.10581207,-1.67846501,126,4079.664063
1002-B-5065-5079,48.10573196,-1.67831397,127,4093.986084
1002-B-5065-5079,48.10559082,-1.67808604,128,4117.067383
1002-B-5065-5079,48.10501099,-1.67720306,129,4209.020996
1002-B-5065-5079,48.10484695,-1.67694294,130,4235.586426
1002-B-5065-5079,48.10467911,-1.67663097,131,4265.334473
1002-B-5065-5079,48.10452652,-1.67629802,132,4295.318848
1002-B-5065-5079,48.10439682,-1.67594802,133,4325.041016
1002-B-5065-5079,48.10428238,-1.67558205,134,4355.047363
1002-B-5065-5079,48.10419464,-1.67520404,135,4384.763672
1002-B-5065-5079,48.10412598,-1.67481506,136,4414.638672
1002-B-5065-5079,48.10408020,-1.67441905,137,4444.481445
1002-B-5065-5079,48.10405731,-1.67401898,138,4474.296875
1002-B-5065-5079,48.10405731,-1.67361701,139,4504.145020
1002-B-5065-5079,48.10408020,-1.67321706,140,4533.951172
1002-B-5065-5079,48.10411835,-1.67286503,141,4560.432129
1002-B-5065-5079,48.10427856,-1.67155194,142,4659.548340
1002-B-5065-5079,48.10431671,-1.67128098,143,4680.110352
1002-B-5065-5079,48.10434723,-1.67108905,144,4694.759766
1002-B-5065-5079,48.10436249,-1.67101395,145,4700.588867
1002-B-5065-5079,48.10441589,-1.67079699,146,4717.758789
1002-B-5065-5079,48.10448074,-1.67058802,147,4734.869141
1002-B-5065-5079,48.10455704,-1.67038703,148,4752.035645
1002-B-5065-5079,48.10464478,-1.67019796,149,4769.131836
1002-B-5065-5079,48.10474396,-1.67001998,150,4786.344238
1002-B-5065-5079,48.10485077,-1.66985500,151,4803.407227
1002-B-5065-5079,48.10496902,-1.66970503,152,4820.638184
1002-B-5065-5079,48.10509491,-1.66956997,153,4837.857422
1002-B-5065-5079,48.10522842,-1.66945195,154,4855.097168
1002-B-5065-5079,48.10536575,-1.66935098,155,4872.108398
1002-B-5065-5079,48.10551071,-1.66926801,156,4889.364258
1002-B-5065-5079,48.10565948,-1.66920400,157,4906.576660
1002-B-5065-5079,48.10581207,-1.66915905,158,4923.868652
1002-B-5065-5079,48.10596466,-1.66913295,159,4940.945801
1002-B-5065-5079,48.10601425,-1.66912901,160,4946.467773
1002-B-5065-5079,48.10611725,-1.66912699,161,4957.921875
1002-B-5065-5079,48.10622025,-1.66913295,162,4969.382813
1002-B-5065-5079,48.10629654,-1.66914403,163,4977.906250
1002-B-5065-5079,48.10639954,-1.66916394,164,4989.454102
1002-B-5065-5079,48.10647583,-1.66918397,165,4998.066895
1002-B-5065-5079,48.10657120,-1.66921699,166,5008.951172
1002-B-5065-5079,48.10674667,-1.66929305,167,5029.263672
1002-B-5065-5079,48.10691452,-1.66938698,168,5049.187988
1002-B-5065-5079,48.10702896,-1.66946602,169,5063.201172
1002-B-5065-5079,48.10716629,-1.66957295,170,5080.412109
1002-B-5065-5079,48.10736847,-1.66976202,171,5106.916504
1002-B-5065-5079,48.10756302,-1.66997802,172,5133.846191
1002-B-5065-5079,48.10774231,-1.67021799,173,5160.583984
1002-B-5065-5079,48.10790634,-1.67048204,174,5187.361816
1002-B-5065-5079,48.10805511,-1.67076600,175,5214.160156
1002-B-5065-5079,48.10812759,-1.67092502,176,5228.456055
1002-B-5065-5079,48.10819626,-1.67108703,177,5242.703125
1002-B-5065-5079,48.10857773,-1.67204499,178,5325.517578
1002-B-5065-5079,48.10866928,-1.67225504,179,5344.141602
1002-B-5065-5079,48.10875702,-1.67243004,180,5360.389648
1002-B-5065-5079,48.10882187,-1.67255402,181,5372.083008
1002-B-5065-5079,48.10891342,-1.67270505,182,5387.228516
1002-B-5065-5079,48.10931778,-1.67334497,183,5452.642090
1002-B-5065-5079,48.10947800,-1.67362297,184,5479.907715
1002-B-5065-5079,48.10963058,-1.67391300,185,5507.322754
1002-B-5065-5079,48.10976791,-1.67421496,186,5534.448242
1002-B-5065-5079,48.10981369,-1.67432106,187,5543.827148
1002-B-5065-5079,48.11087799,-1.67691195,188,5769.676270
1002-B-5065-5079,48.11098099,-1.67715001,189,5790.736816
1002-B-5065-5079,48.11105347,-1.67730403,190,5804.726563
1002-B-5065-5079,48.11119843,-1.67758000,191,5830.795898
1002-B-5065-5079,48.11136246,-1.67783701,192,5857.192871
1002-B-5065-5079,48.11153793,-1.67807102,193,5883.318359
1002-B-5065-5079,48.11172867,-1.67828202,194,5909.685547
1002-B-5065-5079,48.11192703,-1.67846704,195,5935.669922
1002-B-5065-5079,48.11214066,-1.67862499,196,5962.160645
1002-B-5065-5079,48.11235809,-1.67875504,197,5988.195313
1002-B-5065-5079,48.11241531,-1.67878497,198,5994.934570
1002-B-5065-5079,48.11262894,-1.67887795,199,6019.670898
1002-B-5065-5079,48.11317825,-1.67909706,200,6082.880859
1002-B-5065-5079,48.11350250,-1.67923999,201,6120.464844
1002-B-5065-5079,48.11382675,-1.67940104,202,6158.450684
1002-B-5065-5079,48.11414719,-1.67958105,203,6196.504883
1002-B-5065-5079,48.11516953,-1.68019903,204,6319.092285
1002-B-5065-5079,48.11530685,-1.68027604,205,6335.397949
1002-B-5065-5079,48.11541748,-1.68033099,206,6348.357910
1002-B-5065-5079,48.11561203,-1.68040502,207,6370.677734
1002-B-5065-5079,48.11580658,-1.68045294,208,6392.601563
1002-B-5065-5079,48.11600876,-1.68047500,209,6415.142090
1002-B-5065-5079,48.11620712,-1.68047094,210,6437.201172
1002-B-5065-5079,48.11640549,-1.68043995,211,6459.377930
1002-B-5065-5079,48.11660004,-1.68038404,212,6481.405762
1002-B-5065-5079,48.11679077,-1.68030202,213,6503.471191
1002-B-5065-5079,48.11697769,-1.68019605,214,6525.694824
1002-B-5065-5079,48.11715317,-1.68006599,215,6547.464844
1002-B-5065-5079,48.11732483,-1.67991197,216,6569.714844
1002-B-5065-5079,48.11748505,-1.67973697,217,6591.763672
1002-B-5065-5079,48.11763763,-1.67954099,218,6614.114258
1002-B-5065-5079,48.11777496,-1.67932701,219,6636.148438
1002-B-5065-5079,48.11790085,-1.67909503,220,6658.340332
1002-B-5065-5079,48.11800766,-1.67884803,221,6680.187012
1002-B-5065-5079,48.11810684,-1.67858696,222,6702.485352
1002-B-5065-5079,48.11818314,-1.67831504,223,6724.380859
1002-B-5065-5079,48.11824799,-1.67803299,224,6746.524902
1002-B-5065-5079,48.11829376,-1.67774403,225,6768.571289
1002-B-5065-5079,48.11830521,-1.67765903,226,6775.007813
1002-B-5065-5079,48.11832428,-1.67744601,227,6790.963379
1002-B-5065-5079,48.11833954,-1.67723095,228,6807.017090
1002-B-5065-5079,48.11859131,-1.67202997,229,7194.114746
1002-B-5065-5079,48.11869812,-1.67009497,230,7338.245605
1002-B-5065-5079,48.11871338,-1.66983998,231,7357.250000
1002-B-5065-5079,48.11873245,-1.66962802,232,7373.126465
1002-B-5065-5079,48.11875534,-1.66946006,233,7385.852051
1002-B-5065-5079,48.11880493,-1.66916394,234,7408.514648
1002-B-5065-5079,48.11887360,-1.66887605,235,7431.208008
1002-B-5065-5079,48.11895752,-1.66859806,236,7453.856445
1002-B-5065-5079,48.11905670,-1.66833198,237,7476.478027
1002-B-5065-5079,48.11917496,-1.66808200,238,7499.221191
1002-B-5065-5079,48.11930847,-1.66784799,239,7522.072266
1002-B-5065-5079,48.11945343,-1.66763306,240,7544.751953
1002-B-5065-5079,48.11960983,-1.66743898,241,7567.334961
1002-B-5065-5079,48.11978149,-1.66726601,242,7590.339355
1002-B-5065-5079,48.11996078,-1.66711795,243,7613.104492
1002-B-5065-5079,48.12014771,-1.66699398,244,7635.835449
1002-B-5065-5079,48.12033844,-1.66689503,245,7658.279785
1002-B-5065-5079,48.12054062,-1.66682398,246,7681.371094
1002-B-5065-5079,48.12070847,-1.66678298,247,7700.281738
1002-B-5065-5079,48.12090683,-1.66675305,248,7722.450195
1002-B-5065-5079,48.12157059,-1.66667998,249,7796.455566
1002-B-5065-5079,48.12175751,-1.66665399,250,7817.329590
1002-B-5065-5079,48.12185287,-1.66663504,251,7828.026855
1002-B-5065-5079,48.12201691,-1.66659200,252,7846.543945
1002-B-5065-5079,48.12217712,-1.66653299,253,7864.890137
1002-B-5065-5079,48.12236404,-1.66644502,254,7886.676270
1002-B-5065-5079,48.12253952,-1.66634297,255,7907.606934
1002-B-5065-5079,48.12324905,-1.66588902,256,7993.397461
1002-B-5065-5079,48.12347794,-1.66573596,257,8021.268555
1002-B-5065-5079,48.12367630,-1.66559196,258,8045.779297
1002-B-5065-5079,48.12387466,-1.66544104,259,8070.518066
1002-B-5065-5079,48.12579727,-1.66390800,260,8312.698242
1002-B-5065-5079,48.12600708,-1.66375995,261,8338.486328
1002-B-5065-5079,48.12622070,-1.66362906,262,8364.150391
1002-B-5065-5079,48.12643814,-1.66351402,263,8389.791016
1002-B-5065-5079,48.12704849,-1.66323698,264,8460.706055
1002-B-5065-5079,48.12722778,-1.66314900,265,8481.684570
1002-B-5065-5079,48.12728882,-1.66311598,266,8488.900391
1002-B-5065-5079,48.12745667,-1.66301000,267,8509.153320
1002-B-5065-5079,48.12762070,-1.66288698,268,8529.550781
1002-B-5065-5079,48.12777710,-1.66274798,269,8549.771484
1002-B-5065-5079,48.12790680,-1.66261804,270,8567.121094
1002-B-5065-5079,48.12805557,-1.66244698,271,8587.974609
1002-B-5065-5079,48.12819672,-1.66226304,272,8608.775391
1002-B-5065-5079,48.12828827,-1.66213405,273,8622.750000
1002-B-5065-5079,48.12850189,-1.66179097,274,8657.572266
1002-B-5065-5079,48.12869263,-1.66142094,275,8692.271484
1002-B-5065-5079,48.12886047,-1.66102803,276,8726.893555
1002-B-5065-5079,48.12900925,-1.66061401,277,8761.791016
1002-B-5065-5079,48.12913132,-1.66018295,278,8796.543945
1002-B-5065-5079,48.12922668,-1.65973699,279,8831.298828
1002-B-5065-5079,48.12929535,-1.65927994,280,8866.068359
1002-B-5065-5079,48.12933731,-1.65881705,281,8900.738281
1002-B-5065-5079,48.12935638,-1.65846503,282,8926.951172
1002-B-5065-5079,48.12944031,-1.65590405,283,9117.248047
1002-B-5065-5079,48.12944794,-1.65560496,284,9139.461914
1002-B-5065-5079,48.12944794,-1.65534794,285,9158.537109
1002-B-5065-5079,48.12944412,-1.65522003,286,9168.039063
1002-B-5065-5079,48.12941742,-1.65491796,287,9190.654297
1002-B-5065-5079,48.12937546,-1.65462005,288,9213.250977
1002-B-5065-5079,48.12931824,-1.65432799,289,9235.841797
1002-B-5065-5079,48.12924194,-1.65404606,290,9258.419922
1002-B-5065-5079,48.12914658,-1.65377498,291,9281.163086
1002-B-5065-5079,48.12903976,-1.65351796,292,9303.632813
1002-B-5065-5079,48.12891388,-1.65327704,293,9326.340820
1002-B-5065-5079,48.12877655,-1.65305305,294,9348.914063
1002-B-5065-5079,48.12862396,-1.65284896,295,9371.659180
1002-B-5065-5079,48.12845993,-1.65266597,296,9394.399414
1002-B-5065-5079,48.12828827,-1.65250599,297,9416.878906
1002-B-5065-5079,48.12810516,-1.65236998,298,9439.604492
1002-B-5065-5079,48.12791443,-1.65225899,299,9462.356445
1002-B-5065-5079,48.12771988,-1.65217400,300,9484.890625
1002-B-5065-5079,48.12766266,-1.65215504,301,9491.406250
1002-B-5065-5079,48.12752151,-1.65211499,302,9507.379883
1002-B-5065-5079,48.12738037,-1.65208304,303,9523.252930
1002-B-5065-5079,48.12379456,-1.65144706,304,9924.761719
1002-B-5065-5079,48.12366104,-1.65142000,305,9939.743164
1002-B-5065-5079,48.12355042,-1.65139198,306,9952.218750
1002-B-5065-5079,48.12343979,-1.65135300,307,9964.855469
1002-B-5065-5079,48.12332916,-1.65129900,308,9977.792969
1002-B-5065-5079,48.12322235,-1.65122998,309,9990.727539
1002-B-5065-5079,48.12311935,-1.65114701,310,10003.731445
1002-B-5065-5079,48.12302017,-1.65105104,311,10016.860352
1002-B-5065-5079,48.12292862,-1.65094197,312,10029.867188
1002-B-5065-5079,48.12284470,-1.65082097,313,10042.819336
1002-B-5065-5079,48.12276459,-1.65068996,314,10056.006836
1002-B-5065-5079,48.12269592,-1.65054905,315,10068.956055
1002-B-5065-5079,48.12263489,-1.65039897,316,10082.000977
1002-B-5065-5079,48.12258530,-1.65024197,317,10094.893555
1002-B-5065-5079,48.12254333,-1.65007806,318,10107.923828
1002-B-5065-5079,48.12251282,-1.64990997,319,10120.853516
1002-B-5065-5079,48.12248993,-1.64973795,320,10133.873047
1002-B-5065-5079,48.12247849,-1.64956403,321,10146.845703
1002-B-5065-5079,48.12247467,-1.64938903,322,10159.842773
1002-B-5065-5079,48.12248611,-1.64921498,323,10172.824219
1002-B-5065-5079,48.12250519,-1.64904201,324,10185.836914
1002-B-5065-5079,48.12253571,-1.64887297,325,10198.834961
1002-B-5065-5079,48.12257385,-1.64871502,326,10211.303711
1002-B-5065-5079,48.12264252,-1.64846897,327,10231.098633
1002-B-5065-5079,48.12287903,-1.64774597,328,10290.862305
1002-B-5065-5079,48.12293625,-1.64753795,329,10307.562500
1002-B-5065-5079,48.12297821,-1.64736104,330,10321.498047
1002-B-5065-5079,48.12301636,-1.64714205,331,10338.296875
1002-B-5065-5079,48.12304306,-1.64691901,332,10355.116211
1002-B-5065-5079,48.12305450,-1.64669299,333,10371.941406
1002-B-5065-5079,48.12305069,-1.64646602,334,10388.793945
1002-B-5065-5079,48.12303543,-1.64624095,335,10405.585938
1002-B-5065-5079,48.12302399,-1.64612997,336,10413.921875
1002-B-5065-5079,48.12300110,-1.64598298,337,10425.125000
1002-B-5065-5079,48.12294388,-1.64565694,338,10450.147461
1002-B-5065-5079,48.12194061,-1.64077902,339,10829.018555
1002-B-5065-5079,48.12191391,-1.64061701,340,10841.405273
1002-B-5065-5079,48.12189865,-1.64048004,341,10851.712891
1002-B-5065-5079,48.12188721,-1.64030695,342,10864.624023
1002-B-5065-5079,48.12189102,-1.64019001,343,10873.314453
1002-B-5065-5079,48.12190247,-1.64007401,344,10882.018555
1002-B-5065-5079,48.12191772,-1.63996506,345,10890.282227
1002-B-5065-5079,48.12193680,-1.63985801,346,10898.505859
1002-B-5065-5079,48.12196732,-1.63972604,347,10908.873047
1002-B-5065-5079,48.12248993,-1.63775802,348,11066.088867
1002-B-5065-5079,48.12255478,-1.63753104,349,11084.414063
1002-B-5065-5079,48.12262344,-1.63730705,350,11102.709961
1002-B-5065-5079,48.12269974,-1.63709497,351,11120.591797
1002-B-5065-5079,48.12278748,-1.63689005,352,11138.663086
1002-B-5065-5079,48.12287903,-1.63669300,353,11156.483398
1002-B-5065-5079,48.12291718,-1.63661504,354,11163.658203
1002-B-5065-5079,48.12300110,-1.63646197,355,11178.361328
1002-B-5065-5079,48.12308884,-1.63631201,356,11193.162109
1002-B-5065-5079,48.12586975,-1.63164794,357,11657.343750
1002-B-5065-5079,48.12610245,-1.63124096,358,11697.117188
1002-B-5065-5079,48.12634659,-1.63076103,359,11741.904297
1002-B-5065-5079,48.12654495,-1.63031304,360,11781.805664
1002-B-5065-5079,48.12672424,-1.62984598,361,11821.795898
1002-B-5065-5079,48.12681580,-1.62956297,362,11845.136719
1002-B-5065-5079,48.12687302,-1.62936997,363,11860.811523
1002-B-5065-5079,48.12692642,-1.62917399,364,11876.522461
1002-B-5065-5079,48.12697983,-1.62894404,365,11894.593750
1002-B-5065-5079,48.12702179,-1.62873197,366,11911.010742
1002-B-5065-5079,48.12726974,-1.62730896,367,12020.166016
1002-B-5065-5079,48.12730026,-1.62706995,368,12038.227539
1002-B-5065-5079,48.12733078,-1.62677395,369,12060.457031
1002-B-5065-5079,48.12734222,-1.62647605,370,12082.603516
1002-B-5065-5079,48.12733841,-1.62617803,371,12104.727539
1002-B-5065-5079,48.12733078,-1.62603498,372,12115.377930
1002-B-5065-5079,48.12730026,-1.62565601,373,12143.708984
1002-B-5065-5079,48.12717438,-1.62439299,374,12238.490234
1002-B-5065-5079,48.12715149,-1.62412202,375,12258.761719
1002-B-5065-5079,48.12714005,-1.62392700,376,12273.291992
1002-B-5065-5079,48.12713623,-1.62377095,377,12284.881836
1002-B-5065-5079,48.12714386,-1.62349105,378,12305.673828
1002-B-5065-5079,48.12716293,-1.62325096,379,12323.619141
1002-B-5065-5079,48.12719727,-1.62301600,380,12341.470703
1002-B-5065-5079,48.12724686,-1.62278605,381,12359.407227
1002-B-5065-5079,48.12731171,-1.62256300,382,12377.462891
1002-B-5065-5079,48.12738419,-1.62234998,383,12395.209961
1002-B-5065-5079,48.12747574,-1.62214696,384,12413.394531
1002-B-5065-5079,48.12757492,-1.62195694,385,12431.297852
1002-B-5065-5079,48.12768555,-1.62178099,386,12449.238281
1002-B-5065-5079,48.12780380,-1.62162101,387,12466.955078
1002-B-5065-5079,48.12793350,-1.62147701,388,12484.905273
1002-B-5065-5079,48.12807465,-1.62135196,389,12503.138672
1002-B-5065-5079,48.12821960,-1.62124503,390,12521.105469
1002-B-5065-5079,48.12836838,-1.62115800,391,12538.864258
1002-B-5065-5079,48.12852478,-1.62109101,392,12556.952148
1002-B-5065-5079,48.12868118,-1.62104499,393,12574.675781
1002-B-5065-5079,48.12873459,-1.62103498,394,12580.660156
1002-B-5065-5079,48.12883759,-1.62101996,395,12592.166992
1002-B-5065-5079,48.12897110,-1.62100995,396,12607.032227
1002-B-5065-5079,48.12915421,-1.62100601,397,12627.394531
1002-B-5065-5079,48.13021469,-1.62100399,398,12745.315430
1002-B-5065-5079,48.13039780,-1.62099504,399,12765.686523
1002-B-5065-5079,48.13047791,-1.62098396,400,12774.631836
1002-B-5065-5079,48.13056183,-1.62096596,401,12784.058594
1002-B-5065-5079,48.13066101,-1.62093103,402,12795.387695
1002-B-5065-5079,48.13076019,-1.62088299,403,12806.978516
1002-B-5065-5079,48.13085556,-1.62082100,404,12818.538086
1002-B-5065-5079,48.13094711,-1.62074697,405,12830.106445
1002-B-5065-5079,48.13099670,-1.62069702,406,12836.750000
1002-B-5065-5079,48.13106537,-1.62062502,407,12846.069336
1002-B-5065-5079,48.13120651,-1.62044895,408,12866.492188
1002-B-5065-5079,48.13161087,-1.61990499,409,12926.917969
