shape_id,shape_pt_lat,shape_pt_lon,shape_pt_sequence,shape_dist_traveled
[@1.0.5502541@]11,43.422394557,-80.44259065,0,0
[@1.0.5502541@]11,43.4222198,-80.4425592,1,19.58670107557819
[@1.0.5502541@]11,43.422121,-80.44311,2,65.38133984555347
[@1.0.5502541@]11,43.422099,-80.443258,3,77.57509812655886
[@1.0.5502541@]11,43.422078,-80.443381,4,87.77395098569963
[@1.0.5502541@]11,43.4216175,-80.446084,5,311.8742232252507
[@1.0.5502541@]11,43.421157,-80.448787,6,535.9761023555099
[@1.0.5502541@]11,43.421071,-80.449219,7,572.132354574583
[@1.0.5502541@]11,43.420472,-80.4517815,8,789.4219071476008
[@1.0.5502541@]11,43.419873,-80.454344,9,1006.71344842712
[@1.0.5502541@]11,43.419836,-80.454509,10,1020.6524282256074
[@1.0.5502541@]11,43.419717,-80.454827,11,1049.527837910087
[@1.0.5502541@]11,43.419482,-80.455382,12,1101.3841111327372
[@1.0.5502541@]11,43.419435,-80.455593,13,1119.198750098622
[@1.0.5502541@]11,43.419438,-80.455675,14,1125.8255833474186
[@1.0.5502541@]11,43.419443,-80.455826,15,1138.0270913129136
[@1.0.5502541@]11,43.419645,-80.456234,16,1177.8842027462822
[@1.0.5502541@]11,43.420693,-80.457745,17,1346.5275057777671
[@1.0.5502541@]11,43.420834,-80.457963,18,1370.0898554979
[@1.0.5502541@]11,43.421061,-80.458482,19,1418.9920794867521
[@1.0.5502541@]11,43.421172,-80.458912,20,1455.8279202838241
[@1.0.5502541@]11,43.421262,-80.459301,21,1488.7818649467883
[@1.0.5502541@]11,43.421388,-80.459978,22,1545.193514121672
[@1.0.5502541@]11,43.421657,-80.461056,23,1637.199297939495
[@1.0.5502541@]11,43.42191,-80.461651,24,1692.8510554264772
[@1.0.5502541@]11,43.422144,-80.462123,25,1738.9786821228645
[@1.0.5502541@]11,43.422275,-80.462327,26,1760.9578111610713
[@1.0.5502541@]11,43.422432,-80.462534,27,1785.1155569725533
[@1.0.5502541@]11,43.4227864,-80.462958,28,1837.292792386739
[@1.0.5502541@]11,43.422825032,-80.46292583,29,1842.309903600711
[@1.0.5502541@]11,43.4227864,-80.462958,30,1847.3270148146833
[@1.0.5502541@]11,43.42313,-80.463369,31,1897.9098646472958
[@1.0.5502541@]11,43.423709,-80.463942,32,1977.152765195563
[@1.0.5502541@]11,43.424368,-80.46468,33,2071.555300586401
[@1.0.5502541@]11,43.424742,-80.465195,34,2130.3379214013034
[@1.0.5502541@]11,43.425018,-80.46546,35,2167.731655500467
[@1.0.5502541@]11,43.425295,-80.465697,36,2203.974577850435
[@1.0.5502541@]11,43.425529,-80.465857,37,2233.009642933123
[@1.0.5502541@]11,43.42575,-80.465959,38,2258.912854859195
[@1.0.5502541@]11,43.42592,-80.465999,39,2278.0793117060907
[@1.0.5502541@]11,43.426144,-80.466078,40,2303.776826481267
[@1.0.5502541@]11,43.426257,-80.466152,41,2317.682504639386
[@1.0.5502541@]11,43.426328,-80.466261,42,2329.499825910278
[@1.0.5502541@]11,43.426365,-80.466369,43,2339.138670836602
[@1.0.5502541@]11,43.426353,-80.466483,44,2348.436166733925
[@1.0.5502541@]11,43.426297,-80.466676,45,2365.2102173232015
[@1.0.5502541@]11,43.425885,-80.467858,46,2471.029790975834
[@1.0.5502541@]11,43.425832,-80.468003,47,2484.131794629427
[@1.0.5502541@]11,43.4258,-80.468143,48,2495.978029613508
[@1.0.5502541@]11,43.425811,-80.468246,49,2504.3814083428733
[@1.0.5502541@]11,43.425815,-80.468291,50,2508.0414549030834
[@1.0.5502541@]11,43.425835,-80.468374,51,2515.0998298052396
[@1.0.5502541@]11,43.425951,-80.468552,52,2534.4022546991687
[@1.0.5502541@]11,43.426779,-80.469593,53,2659.0085292518465
[@1.0.5502541@]11,43.427094,-80.469989,54,2706.411229892529
[@1.0.5502541@]11,43.427993,-80.471165,55,2844.217095589196
[@1.0.5502541@]11,43.428651,-80.471866,56,2936.673835349875
[@1.0.5502541@]11,43.429018,-80.472248,57,2987.80086322719
[@1.0.5502541@]11,43.429497,-80.472723,58,3053.400832456701
[@1.0.5502541@]11,43.429693,-80.47294,59,3081.3503907212285
[@1.0.5502541@]11,43.429803,-80.473057,60,3096.7972736838115
[@1.0.5502541@]11,43.43024,-80.473564,61,3160.3019536980446
[@1.0.5502541@]11,43.430655,-80.474043,62,3220.4809648081805
[@1.0.5502541@]11,43.431225,-80.474911,63,3314.926547445624
[@1.0.5502541@]11,43.431683,-80.475532,64,3386.357976385763
[@1.0.5502541@]11,43.432477,-80.47652,65,3505.286025443152
[@1.0.5502541@]11,43.43317,-80.477332,66,3606.4074878356805
[@1.0.5502541@]11,43.433436,-80.4776442,67,3645.249125570752
[@1.0.5502541@]11,43.433466949,-80.47761799,68,3649.2880361794823
[@1.0.5502541@]11,43.433436,-80.4776442,69,3653.326946788213
[@1.0.5502541@]11,43.433637,-80.47788,70,3682.6713554047005
[@1.0.5502541@]11,43.433799,-80.478064,71,3706.0085407053684
[@1.0.5502541@]11,43.434004,-80.478306,72,3736.015954676233
[@1.0.5502541@]11,43.434032,-80.478342,73,3740.2740450795263
[@1.0.5502541@]11,43.434102,-80.478409,74,3749.7475556180993
[@1.0.5502541@]11,43.434192,-80.478453,75,3760.361656715639
[@1.0.5502541@]11,43.434281,-80.478495,76,3770.8172370224165
[@1.0.5502541@]11,43.434365,-80.478511,77,3780.2412025619647
[@1.0.5502541@]11,43.43446,-80.478513,78,3790.800028150849
[@1.0.5502541@]11,43.43452,-80.478509,79,3797.4755887709266
[@1.0.5502541@]11,43.435226,-80.478295,80,3877.813491984786
[@1.0.5502541@]11,43.435654,-80.478149,81,3926.8159449623126
[@1.0.5502541@]11,43.435768,-80.478103,82,3940.0178869812844
[@1.0.5502541@]11,43.435834,-80.478067,83,3947.9073933698255
[@1.0.5502541@]11,43.435892,-80.478017,84,3955.512195361831
[@1.0.5502541@]11,43.436108,-80.477783,85,3986.0539767698874
[@1.0.5502541@]11,43.436292,-80.477592,86,4011.660946505581
[@1.0.5502541@]11,43.436672,-80.477181,87,4065.3586210507056
[@1.0.5502541@]11,43.436934,-80.476899,88,4102.313292565567
[@1.0.5502541@]11,43.437578,-80.476157,89,4195.6269708709515
[@1.0.5502541@]11,43.437838,-80.475867,90,4232.809570535618
[@1.0.5502541@]11,43.438159,-80.475488,91,4279.798532423063
[@1.0.5502541@]11,43.438629,-80.474963,92,4347.051938165357
[@1.0.5502541@]11,43.438763,-80.474812,93,4366.293635548933
[@1.0.5502541@]11,43.438945,-80.474614,94,4392.068981214114
[@1.0.5502541@]11,43.439127,-80.474395,95,4418.927708271461
[@1.0.5502541@]11,43.43961,-80.473845,96,4488.576477497148
[@1.0.5502541@]11,43.44007,-80.473363,97,4552.811295323319
[@1.0.5502541@]11,43.440515,-80.472916,98,4614.021770016607
[@1.0.5502541@]11,43.440788,-80.472653,99,4651.046778828867
[@1.0.5502541@]11,43.441093,-80.472366,100,4692.098146127856
[@1.0.5502541@]11,43.441147,-80.47232,101,4699.155245458501
[@1.0.5502541@]11,43.441183,-80.472307,102,4703.291068467858
[@1.0.5502541@]11,43.441237,-80.472306,103,4709.291951203753
[@1.0.5502541@]11,43.441271,-80.472314,104,4713.125007711667
[@1.0.5502541@]11,43.441299,-80.472334,105,4716.629235504063
[@1.0.5502541@]11,43.441324,-80.472365,106,4720.3671641177025
[@1.0.5502541@]11,43.441657,-80.473133,107,4792.5468333588715
[@1.0.5502541@]11,43.442114,-80.474175,108,4890.77488675113
[@1.0.5502541@]11,43.442185,-80.474504,109,4918.469789505909
[@1.0.5502541@]11,43.44228,-80.474752,110,4941.0951865955285
[@1.0.5502541@]11,43.4422836,-80.4747617,111,4941.969958059519
[@1.0.5502541@]11,43.442304233,-80.47475407,112,4944.343912123935
[@1.0.5502541@]11,43.4422836,-80.4747617,113,4946.717866188352
[@1.0.5502541@]11,43.442409,-80.475096,114,4977.079901547004
[@1.0.5502541@]11,43.442521,-80.47562,115,5021.155353764623
[@1.0.5502541@]11,43.442607,-80.476195,116,5068.526042333806
[@1.0.5502541@]11,43.442698,-80.476652,117,5106.762779980548
[@1.0.5502541@]11,43.442795,-80.476926,118,5131.359628977794
[@1.0.5502541@]11,43.442956,-80.477224,119,5161.3316203730255
[@1.0.5502541@]11,43.443168,-80.477474,120,5192.347825862983
[@1.0.5502541@]11,43.443384,-80.477707,121,5222.838717910915
[@1.0.5502541@]11,43.443473,-80.477827,122,5236.680154276173
[@1.0.5502541@]11,43.443732,-80.478319,123,5285.715481805852
[@1.0.5502541@]11,43.444387,-80.479661,124,5416.190839916453
[@1.0.5502541@]11,43.445312,-80.481546,125,5599.76646434385
[@1.0.5502541@]11,43.445591,-80.482112,126,5654.965697621955
[@1.0.5502541@]11,43.445958,-80.482854,127,5727.406816988347
[@1.0.5502541@]11,43.4464114,-80.4838055,128,5819.23699045415
[@1.0.5502541@]11,43.446413619,-80.48380448,129,5819.521637315405
[@1.0.5502541@]11,43.4464114,-80.4838055,130,5819.8062841766605
[@1.0.5502541@]11,43.446577,-80.484153,131,5853.3445891331585
[@1.0.5502541@]11,43.447095,-80.485237,132,5958.050922380734
[@1.0.5502541@]11,43.447251,-80.485562,133,5989.485898070317
[@1.0.5502541@]11,43.447589,-80.486358,134,6063.8878905272895
[@1.0.5502541@]11,43.448141,-80.48769,135,6187.632982307876
[@1.0.5502541@]11,43.44831,-80.488174,136,6230.96490321348
[@1.0.5502541@]11,43.448337,-80.488226,137,6236.12269596129
[@1.0.5502541@]11,43.448384,-80.488244,138,6241.5434564601255
[@1.0.5502541@]11,43.448454,-80.488183,139,6250.748994435316
[@1.0.5502541@]11,43.448821,-80.487908,140,6297.179115920977
[@1.0.5502541@]11,43.449178,-80.487626,141,6342.914346765889
[@1.0.5502541@]11,43.4494029,-80.4874853,142,6370.365351881973
[@1.0.5502541@]11,43.44940161,-80.48748309,143,6370.597765070959
[@1.0.5502541@]11,43.4494029,-80.4874853,144,6370.830178259946
[@1.0.5502541@]11,43.449549,-80.487394,145,6388.659466386289
[@1.0.5502541@]11,43.449739,-80.487276,146,6411.8216300072
[@1.0.5502541@]11,43.450269,-80.486932,147,6476.933281696725
[@1.0.5502541@]11,43.450311,-80.486941,148,6481.656475821613
[@1.0.5502541@]11,43.45034,-80.486947,149,6484.914408059481
[@1.0.5502541@]11,43.450395,-80.486983,150,6491.681051967288
[@1.0.5502541@]11,43.450949,-80.488316,151,6615.602113779657
[@1.0.5502541@]11,43.451405,-80.489467,152,6721.39041758234
[@1.0.5502541@]11,43.451453,-80.489664,153,6738.155341773219
[@1.0.5502541@]11,43.4520868,-80.4911895,154,6879.958879992291
[@1.0.5502541@]11,43.45210862,-80.49118049,155,6882.490655192141
[@1.0.5502541@]11,43.4520868,-80.4911895,156,6885.022430391991
[@1.0.5502541@]11,43.452134,-80.491303,157,6895.575285964718
[@1.0.5502541@]11,43.452291,-80.491681,158,6930.709672876345
[@1.0.5502541@]11,43.452345,-80.491854,159,6945.902101903435
[@1.0.5502541@]11,43.452375,-80.492089,160,6965.151751465098
[@1.0.5502541@]11,43.452423,-80.492528,161,7000.968023970359
[@1.0.5502541@]11,43.452453,-80.492864,162,7028.279622898982
[@1.0.5502541@]11,43.452543,-80.493191,163,7056.493186465132
[@1.0.5502541@]11,43.452762,-80.49387,164,7116.435517205088
[@1.0.5502541@]11,43.453011,-80.494662,165,7186.065541523742
[@1.0.5502541@]11,43.453052,-80.494798,166,7197.945925425548
[@1.0.5502541@]11,43.453059,-80.494866,167,7203.486596057565
[@1.0.5502541@]11,43.453052,-80.494952,168,7210.468024167279
[@1.0.5502541@]11,43.453029,-80.495047,169,7218.548074056659
[@1.0.5502541@]11,43.452973,-80.495303,170,7240.118305273269
[@1.0.5502541@]11,43.452915,-80.49553,171,7259.532807155001
[@1.0.5502541@]11,43.452883,-80.495636,172,7268.7944071236325
[@1.0.5502541@]11,43.452848,-80.495714,173,7276.1915752973555
[@1.0.5502541@]11,43.452736,-80.495892,174,7295.19529179351
[@1.0.5502541@]11,43.452617,-80.495995,175,7310.8140229763685
[@1.0.5502541@]11,43.452487,-80.496088,176,7327.093456740252
[@1.0.5502541@]11,43.452408,-80.496167,177,7337.942448638774
[@1.0.5502541@]11,43.45238,-80.496231,178,7343.97102157114
[@1.0.5502541@]11,43.452373,-80.496291,179,7348.87378316382
[@1.0.5502541@]11,43.452372,-80.496344,180,7353.150859449539
[@1.0.5502541@]11,43.45239,-80.496466,181,7363.1944980008775
[@1.0.5502541@]11,43.453036,-80.498532,182,7544.674973206408
[@1.0.5502541@]11,43.453043,-80.4985542,183,7546.626413770262
[@1.0.5502541@]11,43.453044329,-80.49855395,184,7546.760597587487
[@1.0.5502541@]11,43.453043,-80.4985542,185,7546.8947814047115
[@1.0.5502541@]11,43.453375,-80.499604,186,7639.275637651893
[@1.0.5502541@]11,43.453487,-80.499958,187,7670.429120822814
[@1.0.5502541@]11,43.453497,-80.499992,188,7673.38877906248
[@1.0.5502541@]11,43.453538,-80.50012,189,7684.675385057875
[@1.0.5502541@]11,43.453786,-80.500889,190,7752.560727413093
[@1.0.5502541@]11,43.453838,-80.5012,191,7778.307591541952
[@1.0.5502541@]11,43.45425,-80.50252,192,7894.223771486211
[@1.0.5502541@]11,43.454444,-80.503129,193,7947.876495853296
[@1.0.5502541@]11,43.454685,-80.503881,194,8014.1920877911125
[@1.0.5502541@]11,43.45492,-80.504629,195,8079.944759703012
[@1.0.5502541@]11,43.455243,-80.505684,196,8172.314749474412
[@1.0.5502541@]11,43.455905,-80.5076945,197,8350.411936409213
[@1.0.5502541@]11,43.456567,-80.509705,198,8528.507531040974
[@1.0.5502541@]11,43.457142,-80.511467,199,8684.352229146692
[@1.0.5502541@]11,43.4571931,-80.5116236,200,8698.203093287862
[@1.0.5502541@]11,43.457195,-80.511623,201,8698.415256531645
[@1.0.5502541@]11,43.4571931,-80.5116236,202,8698.627419775428
[@1.0.5502541@]11,43.457717,-80.513229,203,8840.620276134889
[@1.0.5502541@]11,43.458555,-80.515821,204,9069.515804806899
[@1.0.5502541@]11,43.458757,-80.516469,205,9126.405233416044
[@1.0.5502541@]11,43.459357,-80.517549,206,9236.11500884368
[@1.0.5502541@]11,43.4601194,-80.518817,207,9368.934655936666
[@1.0.5502541@]11,43.460118769,-80.51881745,208,9368.934655936666
[@1.0.5502541@]11,43.4601194,-80.518817,209,9368.934655936666
[@1.0.5502541@]11,43.460212,-80.518971,210,9385.065760964708
[@1.0.5502541@]11,43.460416,-80.519252,211,9417.124743360038
[@1.0.5502541@]11,43.460705,-80.519723,212,9466.874377570977
[@1.0.5502541@]11,43.461153,-80.520452,213,9543.92498749131
[@1.0.5502541@]11,43.461489,-80.521036,214,9604.037240949474
[@1.0.5502541@]11,43.46161,-80.521213,215,9623.650123474537
[@1.0.5502541@]11,43.461694,-80.521267,216,9633.950861995236
[@1.0.5502541@]11,43.461873,-80.521329,217,9654.462779825872
[@1.0.5502541@]11,43.462023,-80.521374,218,9671.523659877894
[@1.0.5502541@]11,43.464072,-80.521999,219,9904.748760666898
[@1.0.5502541@]11,43.464186,-80.522034,220,9917.728574309793
[@1.0.5502541@]11,43.464241,-80.522056,221,9924.093471623279
[@1.0.5502541@]11,43.464267,-80.522092,222,9928.188826793938
[@1.0.5502541@]11,43.464278,-80.522153,223,9933.25859613673
[@1.0.5502541@]11,43.464268,-80.522226,224,9939.250470787383
[@1.0.5502541@]11,43.4642176,-80.5224615,225,9959.05474760587
[@1.0.5502541@]11,43.464236449,-80.52246747,226,9961.205877838765
[@1.0.5502541@]11,43.4642176,-80.5224615,227,9963.357008071662
[@1.0.5502541@]11,43.464208,-80.522507,228,9967.178303101993
[@1.0.5502541@]11,43.464168,-80.522733,229,9985.941500282326
[@1.0.5502541@]11,43.464158,-80.522798,230,9991.300459920534
[@1.0.5502541@]11,43.464117,-80.523064,231,10013.234897135251
[@1.0.5502541@]11,43.464089,-80.52326,232,10029.347853948933
[@1.0.5502541@]11,43.464071,-80.523453,233,10045.043346005123
[@1.0.5502541@]11,43.464064,-80.523701,234,10065.062384350798
[@1.0.5502541@]11,43.464072,-80.523936,235,10084.038367350451
[@1.0.5502541@]11,43.464081,-80.524236,236,10108.257338303334
[@1.0.5502541@]11,43.464093,-80.524339,237,10116.671423341959
[@1.0.5502541@]11,43.464123,-80.524574,238,10135.917798875269
[@1.0.5502541@]11,43.464136,-80.524673,239,10144.032869612129
[@1.0.5502541@]11,43.464202,-80.52508,240,10177.67128333382
[@1.0.5502541@]11,43.464285,-80.525431,241,10207.447848502048
[@1.0.5502541@]11,43.464468,-80.526202,242,10272.877974713614
[@1.0.5502541@]11,43.464809,-80.527726,243,10401.512848612103
[@1.0.5502541@]11,43.465042,-80.528746,244,10487.764448640812
[@1.0.5502541@]11,43.465172,-80.529202,245,10527.280842403536
[@1.0.5502541@]11,43.465238,-80.529398,246,10544.70873245952
[@1.0.5502541@]11,43.465389,-80.529778,247,10579.652476011499
[@1.0.5502541@]11,43.465439,-80.529873,248,10589.117905579225
[@1.0.5502541@]11,43.46555,-80.530092,249,10610.66308037382
[@1.0.5502541@]11,43.465776,-80.530463,250,10649.730624442645
[@1.0.5502541@]11,43.466759,-80.531605,251,10792.624514343648
[@1.0.5502541@]11,43.468217,-80.53333,252,11006.194194218815
[@1.0.5502541@]11,43.468459,-80.533694,253,11046.008931925611
[@1.0.5502541@]11,43.468976,-80.5345613,254,11136.531904890215
[@1.0.5502541@]11,43.469018891,-80.53453578,255,11141.722755173998
[@1.0.5502541@]11,43.468976,-80.5345613,256,11146.913605457781
[@1.0.5502541@]11,43.469144,-80.534843,257,11176.32099237918
[@1.0.5502541@]11,43.469949,-80.536259,258,11321.39452000471
[@1.0.5502541@]11,43.470788,-80.537716,259,11471.40296578325
[@1.0.5502541@]11,43.470842,-80.537807,260,11480.883600870126
[@1.0.5502541@]11,43.470903,-80.537904,261,11491.234906163974
[@1.0.5502541@]11,43.470948,-80.53799,262,11499.785900861963
[@1.0.5502541@]11,43.470987,-80.538058,263,11506.776349740878
[@1.0.5502541@]11,43.471256,-80.538519,264,11554.484594071115
[@1.0.5502541@]11,43.471688,-80.539254,265,11630.765940347403
[@1.0.5502541@]11,43.472019,-80.539772,266,11686.429748212135
[@1.0.5502541@]11,43.472127,-80.539941,267,11704.590971450736
[@1.0.5502541@]11,43.472587,-80.54052,268,11773.828975983834
[@1.0.5502541@]11,43.472758,-80.540733,269,11799.446139227488
[@1.0.5502541@]11,43.472908,-80.540893,270,11820.526882409184
[@1.0.5502541@]11,43.473255,-80.541226,271,11867.52005910314
[@1.0.5502541@]11,43.4733722,-80.5413298,272,11883.002743593022
[@1.0.5502541@]11,43.473404296,-80.54129367,273,11887.60722369265
[@1.0.5502541@]11,43.4733722,-80.5413298,274,11892.211703792278
[@1.0.5502541@]11,43.47343,-80.541381,275,11899.847222835182
[@1.0.5502541@]11,43.473682,-80.541592,276,11932.617207761103
[@1.0.5502541@]11,43.473716,-80.541617,277,11936.898491697899
[@1.0.5502541@]11,43.474098,-80.541912,278,11985.563208835345
[@1.0.5502541@]11,43.475012,-80.54247,279,12096.660643381678
[@1.0.5502541@]11,43.475836,-80.542862,280,12193.537363557924
[@1.0.5502541@]11,43.47588,-80.542879,281,12198.616003894977
[@1.0.5502541@]11,43.475985,-80.542929,282,12210.962008921
[@1.0.5502541@]11,43.47605,-80.54296,283,12218.606365714124
[@1.0.5502541@]11,43.4777255,-80.5437795,284,12416.18963310849
[@1.0.5502541@]11,43.479401,-80.544599,285,12613.77228539033
[@1.0.5502541@]11,43.47994,-80.544839,286,12676.721874222307
[@1.0.5502541@]11,43.480565,-80.545034,287,12747.937588697343
[@1.0.5502541@]11,43.481331,-80.54518,288,12833.875593226145
[@1.0.5502541@]11,43.4816028,-80.5451947,289,12864.104798036198
[@1.0.5502541@]11,43.481607188,-80.54511444,290,12870.595745156894
[@1.0.5502541@]11,43.4816028,-80.5451947,291,12877.08669227759
[@1.0.5502541@]11,43.482011,-80.545217,292,12922.486652098707
[@1.0.5502541@]11,43.482555,-80.545193,293,12982.973793840541
[@1.0.5502541@]11,43.483159,-80.545119,294,13050.362731747662
[@1.0.5502541@]11,43.485453,-80.544573,295,13309.075029688342
[@1.0.5502541@]11,43.485525,-80.544556,296,13317.192873386408
[@1.0.5502541@]11,43.485622,-80.544532,297,13328.145100891114
[@1.0.5502541@]11,43.486558,-80.544297,298,13433.877180804962
[@1.0.5502541@]11,43.486589,-80.54429,299,13437.368539557221
[@1.0.5502541@]11,43.487717,-80.54382,300,13568.329229845122
[@1.0.5502541@]11,43.488576,-80.543313,301,13672.176581865204
[@1.0.5502541@]11,43.489848,-80.542534,302,13826.862880888126
[@1.0.5502541@]11,43.490905,-80.541928,303,13954.086336066353
[@1.0.5502541@]11,43.4913,-80.541747,304,14000.34590297503
[@1.0.5502541@]11,43.491648,-80.541611,305,14040.544539457012
[@1.0.5502541@]11,43.4919,-80.541554,306,14068.924654713624
[@1.0.5502541@]11,43.4923,-80.541483,307,14113.744962244793
[@1.0.5502541@]11,43.492798,-80.541437,308,14169.213215442076
[@1.0.5502541@]11,43.493145,-80.541425,309,14207.788437469335
[@1.0.5502541@]11,43.493656,-80.541478,310,14264.737889596749
[@1.0.5502541@]11,43.494043,-80.541546,311,14308.094319274394
[@1.0.5502541@]11,43.494279,-80.541603,312,14334.72127126464
[@1.0.5502541@]11,43.49452,-80.541682,313,14362.251199677428
[@1.0.5502541@]11,43.495032,-80.541874,314,14421.219148001892
[@1.0.5502541@]11,43.495242,-80.541975,315,14445.936666712058
[@1.0.5502541@]11,43.495413,-80.542081,316,14466.773646511341
[@1.0.5502541@]11,43.495822,-80.54232,317,14516.142351140103
[@1.0.5502541@]11,43.496361,-80.542645,318,14581.522512453157
[@1.0.5502541@]11,43.496951,-80.543035,319,14654.239371226444
[@1.0.5502541@]11,43.4969734,-80.5430483,320,14656.949751475862
[@1.0.5502541@]11,43.49700152,-80.54300133,321,14661.858935702745
[@1.0.5502541@]11,43.4969734,-80.5430483,322,14666.768119929628
[@1.0.5502541@]11,43.497801,-80.543542,323,14766.983849784552
[@1.0.5502541@]11,43.497879,-80.543573,324,14776.005154654611
[@1.0.5502541@]11,43.497922,-80.543565,325,14780.826444749102
[@1.0.5502541@]11,43.497951,-80.54356,326,14784.074691034057
[@1.0.5502541@]11,43.498003,-80.543485,327,14792.438875437558
[@1.0.5502541@]11,43.498048,-80.54336,328,14803.688730158497
[@1.0.5502541@]11,43.498548,-80.541967,329,14928.981356099823
[@1.0.5502541@]11,43.498896,-80.541024,330,15014.273091152087
[@1.0.5502541@]11,43.499174,-80.540258,331,15083.321063903197
[@1.0.5502541@]11,43.499564,-80.539151,332,15182.528878008057
[@1.0.5502541@]11,43.50016,-80.537488,333,15332.058365400806
[@1.0.5502541@]11,43.500745,-80.535841,334,15479.889718810686
[@1.0.5502541@]11,43.501183,-80.534646,335,15587.820311838223
[@1.0.5502541@]11,43.50158,-80.533521,336,15688.670587214745
[@1.0.5502541@]11,43.501604,-80.533449,337,15695.058075184212
[@1.0.5502541@]11,43.501613,-80.5334,338,15699.132493382458
[@1.0.5502541@]11,43.501602,-80.533324,339,15705.378890598166
[@1.0.5502541@]11,43.501553,-80.533234,340,15714.44995483555
[@1.0.5502541@]11,43.501461,-80.53313,341,15727.671657701658
[@1.0.5502541@]11,43.501164,-80.53279,342,15770.573982477747
[@1.0.5502541@]11,43.500798,-80.532381,343,15822.933016905868
[@1.0.5502541@]11,43.500512,-80.532054,344,15864.225456853686
[@1.0.5502541@]11,43.500146,-80.531634,345,15917.147493127131
[@1.0.5502541@]11,43.499596,-80.530998,346,15996.926063849407
[@1.0.5502541@]11,43.499271,-80.530654,347,16042.46214836831
[@1.0.5502541@]11,43.499232,-80.530594,348,16048.957255019788
[@1.0.5502541@]11,43.499216,-80.530536,349,16053.958190658459
[@1.0.5502541@]11,43.499167,-80.530308,350,16073.127700367711
[@1.0.5502541@]11,43.499104,-80.530058,351,16094.462505340582
[@1.0.5502541@]11,43.499078,-80.530005,352,16099.621170737539
[@1.0.5502541@]11,43.499033,-80.529955,353,16106.043797535058
[@1.0.5502541@]11,43.4982943,-80.5295543,354,16194.264172490733
[@1.0.5502541@]11,43.498271687,-80.52959604,355,16198.46371868294
[@1.0.5502541@]21,43.49829213483276,-80.52951572611032,0,0
[@1.0.5502541@]21,43.4983002,-80.5294792,1,3.078926560966216
[@1.0.5502541@]21,43.49881,-80.529746,2,63.67959784608887
[@1.0.5502541@]21,43.499045,-80.529874,3,91.76026678895174
[@1.0.5502541@]21,43.499099,-80.529958,4,100.80748068470231
[@1.0.5502541@]21,43.499137,-80.530054,5,109.62387826575093
[@1.0.5502541@]21,43.499189,-80.53029,6,129.5070948553099
[@1.0.5502541@]21,43.499227,-80.530461,7,143.92483225108762
[@1.0.5502541@]21,43.499249,-80.530543,8,150.9723574363245
[@1.0.5502541@]21,43.499272,-80.530598,9,156.09072698641077
[@1.0.5502541@]21,43.499346,-80.530684,10,166.846796650579
[@1.0.5502541@]21,43.499606,-80.53096,11,203.31518355220697
[@1.0.5502541@]21,43.499698,-80.531066,12,216.6396433591031
[@1.0.5502541@]21,43.501577,-80.533194,13,486.88400240508037
[@1.0.5502541@]21,43.501646,-80.53328,14,497.2209474997004
[@1.0.5502541@]21,43.501662,-80.533387,15,506.027639045762
[@1.0.5502541@]21,43.501651,-80.533459,16,511.9591101918553
[@1.0.5502541@]21,43.501616,-80.533571,17,521.7893913654717
[@1.0.5502541@]21,43.5010135,-80.5352486,18,672.6912200119975
[@1.0.5502541@]21,43.500411,-80.5369261,19,823.5869931510738
[@1.0.5502541@]21,43.4998085,-80.5386036,20,974.4839595128125
[@1.0.5502541@]21,43.499206,-80.540281,21,1125.3749000036128
[@1.0.5502541@]21,43.49893,-80.541047,22,1194.323645552879
[@1.0.5502541@]21,43.498037,-80.543524,23,1417.308567291378
[@1.0.5502541@]21,43.497997,-80.543601,24,1424.9429071945874
[@1.0.5502541@]21,43.497942,-80.54364,25,1431.8164724133278
[@1.0.5502541@]21,43.497897,-80.543637,26,1436.8228057175072
[@1.0.5502541@]21,43.497856,-80.543632,27,1441.3968799284694
[@1.0.5502541@]21,43.497785,-80.543592,28,1449.9204573821044
[@1.0.5502541@]21,43.4969662,-80.5431174,29,1548.632424788417
[@1.0.5502541@]21,43.496965083,-80.54312158,30,1548.9874417987628
[@1.0.5502541@]21,43.4969662,-80.5431174,31,1549.3424588091086
[@1.0.5502541@]21,43.496924,-80.543093,32,1554.4272996337515
[@1.0.5502541@]21,43.495813,-80.542358,33,1691.3781065232265
[@1.0.5502541@]21,43.495399,-80.542124,34,1741.1043915326093
[@1.0.5502541@]21,43.495255,-80.542036,35,1758.609594939716
[@1.0.5502541@]21,43.495035,-80.541923,36,1784.7006712226853
[@1.0.5502541@]21,43.494272,-80.541655,37,1872.204468363783
[@1.0.5502541@]21,43.493661,-80.541537,38,1940.7699043094535
[@1.0.5502541@]21,43.493159,-80.54148,39,1996.747558901128
[@1.0.5502541@]21,43.492797,-80.541507,40,2037.0364595099975
[@1.0.5502541@]21,43.492299,-80.541561,41,2092.5515983780097
[@1.0.5502541@]21,43.491929,-80.541609,42,2133.8525402972878
[@1.0.5502541@]21,43.491653,-80.541674,43,2164.9697356871657
[@1.0.5502541@]21,43.49131,-80.5418,44,2204.4187510209454
[@1.0.5502541@]21,43.490911,-80.541985,45,2251.202165486222
[@1.0.5502541@]21,43.489858,-80.542559,46,2377.0437670054225
[@1.0.5502541@]21,43.488599,-80.543333,47,2530.2462268645354
[@1.0.5502541@]21,43.487726,-80.543857,48,2636.065375139037
[@1.0.5502541@]21,43.486546,-80.544329,49,2772.61285426917
[@1.0.5502541@]21,43.485633,-80.544584,50,2876.139473817876
[@1.0.5502541@]21,43.485536,-80.544611,51,2887.136817980859
[@1.0.5502541@]21,43.485462,-80.544629,52,2895.4875373825457
[@1.0.5502541@]21,43.483163,-80.545194,53,3155.011961895306
[@1.0.5502541@]21,43.482105,-80.545301,54,3272.9066303854856
[@1.0.5502541@]21,43.4815953,-80.545257,55,3329.662023136993
[@1.0.5502541@]21,43.481591713,-80.5452988,56,3333.0566350375184
[@1.0.5502541@]21,43.4815953,-80.545257,57,3336.451246938044
[@1.0.5502541@]21,43.481328,-80.545234,58,3366.2148086445186
[@1.0.5502541@]21,43.480573,-80.545116,59,3450.657911937692
[@1.0.5502541@]21,43.479919,-80.544907,60,3525.267251640477
[@1.0.5502541@]21,43.4782565,-80.5441075,61,3720.9515199296934
[@1.0.5502541@]21,43.476594,-80.543308,62,3916.6363632929347
[@1.0.5502541@]21,43.476026,-80.543033,63,3983.542236486999
[@1.0.5502541@]21,43.475961,-80.542998,64,3991.29708602317
[@1.0.5502541@]21,43.475854,-80.542947,65,4003.8796364326163
[@1.0.5502541@]21,43.475809,-80.542926,66,4009.159049227058
[@1.0.5502541@]21,43.475799,-80.542921,67,4010.3403241748942
[@1.0.5502541@]21,43.474973,-80.542514,68,4107.827707095197
[@1.0.5502541@]21,43.474093,-80.541951,69,4215.650562154315
[@1.0.5502541@]21,43.473706,-80.541651,70,4264.997196850192
[@1.0.5502541@]21,43.47367,-80.541624,71,4269.551546630275
[@1.0.5502541@]21,43.4733777,-80.5413723,72,4307.85650247073
[@1.0.5502541@]21,43.473352503,-80.54140163,73,4311.521465146737
[@1.0.5502541@]21,43.4733777,-80.5413723,74,4315.186427822743
[@1.0.5502541@]21,43.473267,-80.541277,75,4329.692250829781
[@1.0.5502541@]21,43.472891,-80.540934,76,4379.805101223031
[@1.0.5502541@]21,43.472748,-80.540768,77,4400.584971963183
[@1.0.5502541@]21,43.472575,-80.540552,78,4426.529162316901
[@1.0.5502541@]21,43.472121,-80.539961,79,4495.937355011919
[@1.0.5502541@]21,43.471664,-80.539279,80,4570.802485871698
[@1.0.5502541@]21,43.471246,-80.538539,81,4646.432061188435
[@1.0.5502541@]21,43.470976,-80.538069,82,4694.776984062221
[@1.0.5502541@]21,43.470935,-80.538,83,4701.969286733878
[@1.0.5502541@]21,43.47089,-80.537912,84,4710.650886380583
[@1.0.5502541@]21,43.470833,-80.537813,85,4720.843558383781
[@1.0.5502541@]21,43.469931,-80.536273,86,4880.453220742558
[@1.0.5502541@]21,43.469131,-80.534863,87,5024.803204508427
[@1.0.5502541@]21,43.4689784,-80.5346071,88,5051.516233594925
[@1.0.5502541@]21,43.46896069600001,-80.53461781999998,89,5053.66317467052
[@1.0.5502541@]21,43.4689784,-80.5346071,90,5055.810115746114
[@1.0.5502541@]21,43.468431,-80.533689,91,5151.64357424561
[@1.0.5502541@]21,43.468199,-80.533343,92,5189.6375035074025
[@1.0.5502541@]21,43.46576,-80.530479,93,5545.77156725724
[@1.0.5502541@]21,43.465532,-80.530116,94,5584.492376455338
[@1.0.5502541@]21,43.465417,-80.52989,95,5606.755166153649
[@1.0.5502541@]21,43.465303,-80.529642,96,5630.433192505399
[@1.0.5502541@]21,43.46516,-80.529245,97,5666.181534369516
[@1.0.5502541@]21,43.465111,-80.529078,98,5680.710302283324
[@1.0.5502541@]21,43.465018,-80.528754,99,5708.81340423053
[@1.0.5502541@]21,43.464801,-80.527804,100,5789.145480124071
[@1.0.5502541@]21,43.464458,-80.526238,101,5921.08560347671
[@1.0.5502541@]21,43.464274,-80.525457,102,5987.317177955873
[@1.0.5502541@]21,43.464248,-80.525349,103,5996.495782629271
[@1.0.5502541@]21,43.464213,-80.525187,104,6010.129479177394
[@1.0.5502541@]21,43.464185,-80.525104,105,6017.512028427395
[@1.0.5502541@]21,43.464152,-80.525066,106,6022.292062072206
[@1.0.5502541@]21,43.463905,-80.524863,107,6054.254720567213
[@1.0.5502541@]21,43.463558,-80.524588,108,6098.74227191376
[@1.0.5502541@]21,43.462958,-80.524091,109,6176.545284482189
[@1.0.5502541@]21,43.462692,-80.52386,110,6211.489028034169
[@1.0.5502541@]21,43.4625933,-80.5237817,111,6224.145770335171
[@1.0.5502541@]21,43.462566364,-80.52381569,112,6228.204692184204
[@1.0.5502541@]21,43.4625933,-80.5237817,113,6232.263614033237
[@1.0.5502541@]21,43.461954,-80.523274,114,6314.26870115824
[@1.0.5502541@]21,43.461269,-80.522715,115,6402.746929897781
[@1.0.5502541@]21,43.461031,-80.522504,116,6434.199513612925
[@1.0.5502541@]21,43.460925,-80.522376,117,6449.864001630681
[@1.0.5502541@]21,43.460555,-80.521734,118,6515.990353117135
[@1.0.5502541@]21,43.459982,-80.520746,119,6618.004080020422
[@1.0.5502541@]21,43.459657,-80.520204,120,6674.714565006728
[@1.0.5502541@]21,43.459631,-80.520106,121,6683.131859282658
[@1.0.5502541@]21,43.459633,-80.520019,122,6690.154430602969
[@1.0.5502541@]21,43.459641,-80.519944,123,6696.269739382086
[@1.0.5502541@]21,43.459671,-80.519868,124,6703.248587987514
[@1.0.5502541@]21,43.459903,-80.519602,125,6736.792126898052
[@1.0.5502541@]21,43.460149,-80.519336,126,6771.545735559283
[@1.0.5502541@]21,43.460221,-80.519247,127,6782.295526017445
[@1.0.5502541@]21,43.460236,-80.519216,128,6785.298966328038
[@1.0.5502541@]21,43.460239,-80.519163,129,6789.588653185454
[@1.0.5502541@]21,43.460233,-80.519117,130,6793.357761724503
[@1.0.5502541@]21,43.460216,-80.519054,131,6798.78018274122
[@1.0.5502541@]21,43.460183,-80.518997,132,6804.6613539819145
[@1.0.5502541@]21,43.460099,-80.5188548,133,6819.450212635989
[@1.0.5502541@]21,43.460097321,-80.51885593999998,134,6819.662375879772
[@1.0.5502541@]21,43.460099,-80.5188548,135,6819.874539123555
[@1.0.5502541@]21,43.459443,-80.517745,136,6935.327452646705
[@1.0.5502541@]21,43.45873,-80.516488,137,7064.0146304937725
[@1.0.5502541@]21,43.4581295,-80.5146235,138,7228.561362821309
[@1.0.5502541@]21,43.457529,-80.512759,139,7393.109462938235
[@1.0.5502541@]21,43.4571385,-80.5115671,140,7498.599920843737
[@1.0.5502541@]21,43.457139,-80.511567,141,7498.599920843737
[@1.0.5502541@]21,43.4571385,-80.5115671,142,7498.599920843737
[@1.0.5502541@]21,43.4567405,-80.510352,143,7606.139690873782
[@1.0.5502541@]21,43.455952,-80.507945,144,7819.172190147608
[@1.0.5502541@]21,43.455174,-80.505561,145,8030.03598577185
[@1.0.5502541@]21,43.454495,-80.5033875,146,8220.926862289209
[@1.0.5502541@]21,43.453816,-80.501214,147,8411.819507344473
[@1.0.5502541@]21,43.453698,-80.500972,148,8435.338068479237
[@1.0.5502541@]21,43.453438,-80.500171,149,8506.124451726348
[@1.0.5502541@]21,43.453427,-80.500138,150,8509.053534164172
[@1.0.5502541@]21,43.453286,-80.499703,151,8547.486716918704
[@1.0.5502541@]21,43.4529466,-80.4986584,152,8639.816104462698
[@1.0.5502541@]21,43.452895387,-80.49867507,153,8645.664271806496
[@1.0.5502541@]21,43.4529466,-80.4986584,154,8651.512439150294
[@1.0.5502541@]21,43.452927,-80.498598,155,8656.849515086187
[@1.0.5502541@]21,43.45283,-80.498315,156,8682.097475956016
[@1.0.5502541@]21,43.452814,-80.498296,157,8684.444734105928
[@1.0.5502541@]21,43.452788,-80.498298,158,8687.33825497406
[@1.0.5502541@]21,43.452397,-80.498495,159,8733.606578576007
[@1.0.5502541@]21,43.452035,-80.4987,160,8777.103665700031
[@1.0.5502541@]21,43.45194,-80.49873,161,8787.935217480885
[@1.0.5502541@]21,43.451868,-80.498684,162,8796.755698618234
[@1.0.5502541@]21,43.45182,-80.498593,163,8805.830731818503
[@1.0.5502541@]21,43.45159,-80.497894,164,8867.746495228716
[@1.0.5502541@]21,43.451327,-80.497076,165,8939.923545185968
[@1.0.5502541@]21,43.451204,-80.496829,166,8964.088556793246
[@1.0.5502541@]21,43.450725,-80.495287,167,9099.405102752531
[@1.0.5502541@]21,43.45066,-80.495132,168,9113.846548417428
[@1.0.5502541@]21,43.450608,-80.495002,169,9125.821655364898
[@1.0.5502541@]21,43.450287,-80.494003,170,9213.96193788076
[@1.0.5502541@]21,43.450111,-80.493426,171,9264.45607674241
[@1.0.5502541@]21,43.4500841,-80.493337,172,9272.234109736988
[@1.0.5502541@]21,43.450085011,-80.49333684,173,9272.328992024073
[@1.0.5502541@]21,43.4500841,-80.493337,174,9272.423874311158
[@1.0.5502541@]21,43.450037,-80.493181,175,9286.054929309914
[@1.0.5502541@]21,43.450017,-80.493112,176,9292.04830624833
[@1.0.5502541@]21,43.44999,-80.493021,177,9299.978785536483
[@1.0.5502541@]21,43.449722,-80.492149,178,9376.376292086607
[@1.0.5502541@]21,43.449632,-80.491897,179,9399.034690818595
[@1.0.5502541@]21,43.449409,-80.491246,180,9457.110711848964
[@1.0.5502541@]21,43.449387,-80.491172,181,9463.562707370747
[@1.0.5502541@]21,43.449373,-80.491113,182,9468.570838603986
[@1.0.5502541@]21,43.449182,-80.490677,183,9509.65563585162
[@1.0.5502541@]21,43.449117,-80.490531,184,9523.473311753165
[@1.0.5502541@]21,43.448893,-80.49012,185,9564.937414010701
[@1.0.5502541@]21,43.44887,-80.490073,186,9569.509519607753
[@1.0.5502541@]21,43.448819,-80.489957,187,9580.450644586837
[@1.0.5502541@]21,43.448678,-80.489523,188,9618.812669156232
[@1.0.5502541@]21,43.4486221,-80.4893517,189,9633.965343667922
[@1.0.5502541@]21,43.448605,-80.48935726,190,9635.916784231775
[@1.0.5502541@]21,43.4486221,-80.4893517,191,9637.868224795628
[@1.0.5502541@]21,43.448559,-80.489158,192,9654.997040033039
[@1.0.5502541@]21,43.448359,-80.488573,193,9707.167287118391
[@1.0.5502541@]21,43.448285,-80.488189,194,9739.221916583161
[@1.0.5502541@]21,43.44812,-80.48771,195,9781.998151727339
[@1.0.5502541@]21,43.447225,-80.485568,196,9981.398893470994
[@1.0.5502541@]21,43.446669,-80.484399,197,10094.155743556386
[@1.0.5502541@]21,43.4464023,-80.4838356,198,10148.422356879912
[@1.0.5502541@]21,43.446375998,-80.48384806,199,10151.511500338322
[@1.0.5502541@]21,43.4464023,-80.4838356,200,10154.600643796732
[@1.0.5502541@]21,43.445995,-80.482975,201,10237.488508628703
[@1.0.5502541@]21,43.445293,-80.481559,202,10375.834399392423
[@1.0.5502541@]21,43.443717,-80.478337,203,10689.302213996667
[@1.0.5502541@]21,43.443457,-80.477856,204,10737.688087275646
[@1.0.5502541@]21,43.44336,-80.477725,205,10752.786002944744
[@1.0.5502541@]21,43.442943,-80.47725,206,10812.924010285104
[@1.0.5502541@]21,43.442768,-80.476934,207,10844.992258241902
[@1.0.5502541@]21,43.442675,-80.476664,208,10869.105803294855
[@1.0.5502541@]21,43.442578,-80.476202,209,10907.911614761517
[@1.0.5502541@]21,43.442491,-80.475619,210,10955.936957107899
[@1.0.5502541@]21,43.442379,-80.475094,211,11000.089958149432
[@1.0.5502541@]21,43.4422625,-80.4747942,212,11027.527513884488
[@1.0.5502541@]21,43.44226659200001,-80.47479269999998,213,11027.99234026246
[@1.0.5502541@]21,43.4422625,-80.4747942,214,11028.457166640434
[@1.0.5502541@]21,43.442172,-80.474561,215,11049.793237485854
[@1.0.5502541@]21,43.442129,-80.474459,216,11059.309888311069
[@1.0.5502541@]21,43.442075,-80.474469,217,11065.364538118856
[@1.0.5502541@]21,43.441359,-80.475076,218,11158.80177024148
[@1.0.5502541@]21,43.441101,-80.475355,219,11195.256206788179
[@1.0.5502541@]21,43.44023,-80.47636,220,11321.534015708865
[@1.0.5502541@]21,43.439916,-80.476673,221,11364.610992027177
[@1.0.5502541@]21,43.438742,-80.478026,222,11534.735700087545
[@1.0.5502541@]21,43.438144,-80.478727,223,11622.007961485655
[@1.0.5502541@]21,43.437864,-80.479045,224,11662.341304594496
[@1.0.5502541@]21,43.436326,-80.480843,225,11886.542989227513
[@1.0.5502541@]21,43.436285,-80.480873,226,11891.702527126025
[@1.0.5502541@]21,43.436245,-80.480883,227,11896.221155964162
[@1.0.5502541@]21,43.436194,-80.480887,228,11901.898257450037
[@1.0.5502541@]21,43.436146,-80.480874,229,11907.333944348395
[@1.0.5502541@]21,43.43604,-80.480804,230,11920.398101742367
[@1.0.5502541@]21,43.434245,-80.478685,231,12183.143961587675
[@1.0.5502541@]21,43.434002,-80.478401,232,12218.563787506677
[@1.0.5502541@]21,43.433811,-80.478216,233,12244.514743489022
[@1.0.5502541@]21,43.4333927,-80.4777195,234,12305.886496177614
[@1.0.5502541@]21,43.433353495,-80.47781542,235,12314.769525686057
[@1.0.5502541@]21,43.4333927,-80.4777195,236,12323.6525551945
[@1.0.5502541@]21,43.432373,-80.476509,237,12473.269737755145
[@1.0.5502541@]21,43.431165,-80.474976,238,12655.832282556587
[@1.0.5502541@]21,43.43058,-80.474087,239,12752.653043364533
[@1.0.5502541@]21,43.429453,-80.472788,240,12915.985921366484
[@1.0.5502541@]21,43.427959,-80.471238,241,13123.870890400163
[@1.0.5502541@]21,43.42704,-80.470058,242,13263.516602078562
[@1.0.5502541@]21,43.426729,-80.469668,243,13310.264402980005
[@1.0.5502541@]21,43.42591,-80.468628,244,13434.07920749374
[@1.0.5502541@]21,43.425802,-80.468445,245,13453.111090107557
[@1.0.5502541@]21,43.425774,-80.468348,246,13461.535867849745
[@1.0.5502541@]21,43.425761,-80.4683,247,13465.670602341383
[@1.0.5502541@]21,43.425746,-80.468207,248,13473.358995503206
[@1.0.5502541@]21,43.425752,-80.468142,249,13478.646927607359
[@1.0.5502541@]21,43.42577,-80.46803,250,13487.905610995862
[@1.0.5502541@]21,43.425798,-80.467947,251,13495.291817689362
[@1.0.5502541@]21,43.426233,-80.466704,252,13606.656221491883
[@1.0.5502541@]21,43.426302,-80.466468,253,13627.189634082932
[@1.0.5502541@]21,43.426288,-80.466361,254,13635.965091588665
[@1.0.5502541@]21,43.426214,-80.466237,255,13648.918869553958
[@1.0.5502541@]21,43.426139,-80.466178,256,13658.518406472367
[@1.0.5502541@]21,43.42593,-80.46608,257,13683.054973250728
[@1.0.5502541@]21,43.425591,-80.465971,258,13721.742520439873
[@1.0.5502541@]21,43.425274,-80.465766,259,13760.663692588141
[@1.0.5502541@]21,43.42474,-80.465257,260,13832.841490921926
[@1.0.5502541@]21,43.42427,-80.464683,261,13902.660285172084
[@1.0.5502541@]21,43.423087,-80.463453,262,14067.40479123593
[@1.0.5502541@]21,43.4227622,-80.4630605,263,14115.431726933619
[@1.0.5502541@]21,43.422733033,-80.46308476999998,264,14119.217518298283
[@1.0.5502541@]21,43.4227622,-80.4630605,265,14123.003309662947
[@1.0.5502541@]21,43.42254,-80.462792,266,14155.858485156361
[@1.0.5502541@]21,43.422271,-80.46246,267,14196.005915518595
[@1.0.5502541@]21,43.422221,-80.462395,268,14203.64850557926
[@1.0.5502541@]21,43.42208,-80.462155,269,14228.56481818439
[@1.0.5502541@]21,43.421852,-80.461665,270,14275.536533743301
[@1.0.5502541@]21,43.421591,-80.461065,271,14331.988624097603
[@1.0.5502541@]21,43.421322,-80.459971,272,14425.216832642867
[@1.0.5502541@]21,43.421233,-80.459478,273,14466.22146200221
[@1.0.5502541@]21,43.421137,-80.458964,274,14509.060368052176
[@1.0.5502541@]21,43.421012,-80.458483,275,14550.296301714114
[@1.0.5502541@]21,43.4208,-80.458018,276,14594.612119865398
[@1.0.5502541@]21,43.420618,-80.457751,277,14624.168523408212
[@1.0.5502541@]21,43.419913,-80.456715,278,14738.76213181353
[@1.0.5502541@]21,43.4198,-80.456543,279,14757.483058668502
[@1.0.5502541@]21,43.419587,-80.456267,280,14789.989486508975
[@1.0.5502541@]21,43.419395,-80.455869,281,14828.55630597555
[@1.0.5502541@]21,43.419373,-80.455602,282,14850.246820158358
[@1.0.5502541@]21,43.419383,-80.455554,283,14854.276804986877
[@1.0.5502541@]21,43.419436,-80.455314,284,14874.525227482138
[@1.0.5502541@]21,43.419672,-80.454772,285,14925.534672162497
[@1.0.5502541@]21,43.419786,-80.454431,286,14955.83586199516
[@1.0.5502541@]21,43.420381,-80.4519165,287,15169.304645396196
[@1.0.5502541@]21,43.420976,-80.449402,288,15382.7715309976
[@1.0.5502541@]21,43.421118,-80.448723,289,15439.805967501292
[@1.0.5502541@]21,43.421574,-80.446044,290,15661.907749772608
[@1.0.5502541@]21,43.42203,-80.443365,291,15884.00795121673
[@1.0.5502541@]21,43.422052,-80.443207,292,15896.99331238147
[@1.0.5502541@]21,43.422077,-80.443048,293,15910.124486161943
[@1.0.5502541@]21,43.42218,-80.4425005,294,15955.775390571438
[@1.0.5502541@]21,43.422341186,-80.44254049,295,15973.976969107705
