shape_id,shape_pt_lat,shape_pt_lon,shape_pt_sequence,shape_dist_traveled
SHP11,43.33310318,5.42970276,0,
SHP11,43.33249283,5.42923355,1,
SHP11,43.33209229,5.42889309,2,
SHP11,43.33192825,5.42874002,3,
SHP11,43.33174133,5.42853880,4,
SHP11,43.33125305,5.42805862,5,
SHP11,43.33092117,5.42774248,6,
SHP11,43.33077621,5.42762709,7,
SHP11,43.33057785,5.42750645,8,
SHP11,43.33051682,5.42747927,9,
SHP11,43.33039856,5.42745256,10,
SHP11,43.33019257,5.42741251,11,
SHP11,43.33009720,5.42740679,12,
SHP11,43.32962036,5.42743397,13,
SHP11,43.32936096,5.42747116,14,
SHP11,43.32913589,5.42749548,15,
SHP11,43.32899094,5.42750645,16,
SHP11,43.32862854,5.42751169,17,
SHP11,43.32835770,5.42746067,18,
SHP11,43.32817459,5.42737198,19,
SHP11,43.32798004,5.42726469,20,
SHP11,43.32780838,5.42714930,21,
SHP11,43.32775497,5.42708254,22,
SHP11,43.32769394,5.42698050,23,
SHP11,43.32721329,5.42617321,24,
SHP11,43.32645798,5.42495537,25,
SHP11,43.32610321,5.42441082,26,
SHP11,43.32549667,5.42323875,27,
SHP11,43.32531738,5.42285776,28,
SHP11,43.32509232,5.42241812,29,
SHP11,43.32484436,5.42193794,30,
SHP11,43.32474136,5.42173147,31,
SHP11,43.32468796,5.42162943,32,
SHP11,43.32462692,5.42151690,33,
SHP11,43.32428360,5.42088938,34,
SHP11,43.32386398,5.42020798,35,
SHP11,43.32365036,5.41987276,36,
SHP11,43.32344437,5.41954565,37,
SHP11,43.32304764,5.41899014,38,
SHP11,43.32277679,5.41861200,39,
SHP11,43.32248688,5.41823912,40,
SHP11,43.32134247,5.41687918,41,
SHP11,43.32096863,5.41645288,42,
SHP11,43.31993484,5.41528368,43,
SHP11,43.31922531,5.41446781,44,
SHP11,43.31867981,5.41380310,45,
SHP11,43.31819153,5.41315889,46,
SHP11,43.31765747,5.41235447,47,
SHP11,43.31727219,5.41172695,48,
SHP11,43.31682587,5.41094351,49,
SHP11,43.31644821,5.41012812,50,
SHP11,43.31616974,5.40955973,51,
SHP11,43.31611633,5.40937710,52,
SHP11,43.31605530,5.40918922,53,
SHP11,43.31594849,5.40872526,54,
SHP11,43.31568527,5.40754271,55,
SHP11,43.31553268,5.40683699,56,
SHP11,43.31545258,5.40639973,57,
SHP11,43.31548691,5.40639305,58,
SHP11,43.31545258,5.40639877,59,
SHP11,43.31539917,5.40614939,60,
SHP11,43.31529999,5.40568638,61,
SHP11,43.31526566,5.40554428,62,
SHP11,43.31521988,5.40541840,63,
SHP11,43.31519318,5.40530586,64,
SHP11,43.31515884,5.40521955,65,
SHP11,43.31513214,5.40516615,66,
SHP11,43.31492615,5.40479612,67,
SHP11,43.31483841,5.40471029,68,
SHP11,43.31475067,5.40460825,69,
SHP11,43.31468201,5.40454102,70,
SHP11,43.31461716,5.40448999,71,
SHP11,43.31457901,5.40446615,72,
SHP11,43.31453323,5.40443373,73,
SHP11,43.31435776,5.40429163,74,
SHP11,43.31416321,5.40414143,75,
SHP11,43.31396866,5.40399933,76,
SHP11,43.31375885,5.40384674,77,
SHP11,43.31358337,5.40372324,78,
SHP11,43.30915070,5.40143633,79,
SHP11,43.30915833,5.40139723,80,
SHP11,43.30915070,5.40143633,81,
SHP11,43.30906296,5.40138960,82,
SHP11,43.30789948,5.40073776,83,
SHP11,43.30685425,5.40019846,84,
SHP11,43.30644989,5.40002155,85,
SHP11,43.30618286,5.39988756,86,
SHP11,43.30591965,5.39973211,87,
SHP11,43.30573273,5.39961958,88,
SHP11,43.30550385,5.39948511,89,
SHP11,43.30530930,5.39934587,90,
SHP11,43.30516434,5.39922523,91,
SHP11,43.30505753,5.39913130,92,
SHP11,43.30497742,5.39905357,93,
SHP11,43.30488205,5.39889002,94,
SHP11,43.30478287,5.39873409,95,
SHP11,43.30470276,5.39856243,96,
SHP11,43.30462646,5.39839077,97,
SHP11,43.30456924,5.39824343,98,
SHP11,43.30451202,5.39806366,99,
SHP11,43.30440521,5.39773369,100,
SHP11,43.30432129,5.39743853,101,
SHP11,43.30428314,5.39723206,102,
SHP11,43.30421448,5.39686489,103,
SHP11,43.30414200,5.39647055,104,
SHP11,43.30408096,5.39611912,105,
SHP11,43.30408096,5.39611769,106,
SHP11,43.30395889,5.39532804,107,
SHP11,43.30383682,5.39450169,108,
SHP11,43.30357742,5.39310694,109,
SHP11,43.30068207,5.38672304,110,
SHP11,43.30057907,5.38656759,111,
SHP11,43.30037308,5.38619471,112,
SHP11,43.30037308,5.38619423,113,
SHP11,43.30015945,5.38572550,114,
SHP11,43.29998779,5.38517809,115,
SHP11,43.29989243,5.38470602,116,
SHP11,43.29987717,5.38429308,117,
SHP11,43.29990005,5.38399792,118,
SHP11,43.29993820,5.38361216,119,
SHP11,43.30001068,5.38336515,120,
SHP11,43.30016708,5.38301086,121,
SHP11,43.30036545,5.38252831,122,
SHP11,43.30049515,5.38228703,123,
SHP11,43.30059052,5.38210440,124,
SHP11,43.30075073,5.38186312,125,
SHP11,43.30105972,5.38145018,126,
SHP11,43.30128479,5.38117647,127,
SHP11,43.30152130,5.38093758,128,
SHP11,43.30196381,5.38048697,129,
SHP11,43.30236053,5.38013363,130,
SHP11,43.30236053,5.38013506,131,
SHP11,43.30262375,5.37985420,132,
SHP11,43.30340576,5.37906837,133,
SHP11,43.30352402,5.37888050,134,
SHP11,43.30361176,5.37868214,135,
SHP11,43.30364609,5.37855339,136,
SHP11,43.30368805,5.37844038,137,
SHP11,43.30372620,5.37826347,138,
SHP11,43.30374908,5.37809181,139,
SHP11,43.30375671,5.37790966,140,
SHP11,43.30377197,5.37776470,141,
SHP11,43.30376053,5.37759304,142,
SHP11,43.30373383,5.37743235,143,
SHP11,43.30364990,5.37715864,144,
SHP11,43.30352783,5.37684727,145,
SHP11,43.30341721,5.37663269,146,
SHP11,43.30333328,5.37650919,147,
SHP11,43.30313110,5.37625170,148,
SHP11,43.30274963,5.37570477,149,
SHP11,43.30232239,5.37529707,150,
SHP11,43.30190277,5.37495375,151,
SHP11,43.30152512,5.37477112,152,
SHP11,43.30046463,5.37438917,153,
SHP11,43.30041504,5.37437725,154,
SHP11,43.30031967,5.37436390,155,
SHP11,43.30031967,5.37433815,156,
SHP11,43.30031967,5.37436390,157,
SHP11,43.29961014,5.37418127,158,
SHP11,43.29937744,5.37413311,159,
SHP11,43.29909134,5.37410069,160,
SHP11,43.29808426,5.37405777,161,
SHP11,43.29730225,5.37404156,162,
SHP11,43.29713440,5.37403631,163,
SHP11,43.29695892,5.37404728,164,
SHP11,43.29660797,5.37406874,165,
SHP11,43.29600143,5.37414932,166,
SHP11,43.29581451,5.37418127,167,
SHP11,43.29564667,5.37421465,168,
SHP11,43.29563904,5.37418127,169,
SHP11,43.29564667,5.37421322,170,
SHP11,43.29430771,5.37452459,171,
SHP11,43.29374695,5.37456751,172,
SHP11,43.29323578,5.37464285,173,
SHP11,43.29316711,5.37465334,174,
SHP11,43.29310989,5.37466431,175,
SHP11,43.29301071,5.37470150,176,
SHP11,43.29290771,5.37478733,177,
SHP11,43.29283905,5.37486792,178,
SHP11,43.29273224,5.37502337,179,
SHP11,43.29262543,5.37524891,180,
SHP11,43.29249573,5.37558413,181,
SHP11,43.29233170,5.37590885,182,
SHP11,43.29211426,5.37627316,183,
SHP11,43.29184341,5.37663841,184,
SHP11,43.29159164,5.37693834,185,
SHP11,43.29138947,5.37712622,186,
SHP11,43.29126740,5.37726593,187,
SHP11,43.29108047,5.37744808,188,
SHP11,43.29097366,5.37753391,189,
SHP11,43.29066467,5.37774849,190,
SHP11,43.29032516,5.37799835,191,
SHP11,43.28944397,5.37860155,192,
SHP11,43.28881454,5.37885380,193,
SHP11,43.28709793,5.37957239,194,
SHP11,43.28668594,5.37979221,195,
SHP11,43.28641891,5.38006592,196,
SHP11,43.28630447,5.38018417,197,
SHP11,43.28623962,5.38025904,198,
SHP11,43.28604889,5.38061857,199,
SHP11,43.28583145,5.38131618,200,
SHP11,43.28577805,5.38206148,201,
SHP11,43.28574753,5.38279104,202,
SHP11,43.28583908,5.38335991,203,
SHP11,43.28594208,5.38385868,204,
SHP11,43.28615570,5.38453436,205,
SHP11,43.28814316,5.39198589,206,
SHP11,43.28813934,5.39198446,207,
SHP11,43.28960037,5.39767742,208,
SHP11,43.29003906,5.39922237,209,
SHP11,43.29018021,5.39945841,210,
SHP11,43.29037094,5.39965677,211,
SHP11,43.29075241,5.40002966,212,
SHP11,43.29099274,5.40026045,213,
SHP11,43.29115677,5.40043211,214,
SHP11,43.29115677,5.40043068,215,
SHP11,43.29130554,5.40057945,216,
SHP11,43.29154587,5.40079403,217,
SHP11,43.29212189,5.40141106,218,
SHP11,43.29236603,5.40167379,219,
SHP11,43.29288483,5.40251064,220,
SHP11,43.29324341,5.40310621,221,
SHP11,43.29418182,5.40428114,222,
SHP11,43.29513931,5.40545034,223,
SHP11,43.29549789,5.40615845,224,
SHP11,43.29550552,5.40614128,225,
SHP11,43.29559326,5.40630054,226,
SHP11,43.29651260,5.40790606,227,
SHP11,43.29717255,5.40905380,228,
SHP11,43.29836655,5.41107512,229,
SHP11,43.29896545,5.41208887,230,
SHP11,43.29919052,5.41245890,231,
SHP11,43.29956818,5.41302252,232,
SHP11,43.29998016,5.41358566,233,
SHP11,43.29998779,5.41358137,234,
SHP11,43.30141830,5.41466093,235,
SHP11,43.30173874,5.41495609,236,
SHP11,43.30199432,5.41521883,237,
SHP11,43.30223083,5.41557837,238,
SHP11,43.30242920,5.41599131,239,
SHP11,43.30271530,5.41664076,240,
SHP11,43.30328369,5.41860962,241,
SHP11,43.30328369,5.41861343,242,
SHP11,43.30349731,5.42080879,243,
SHP11,43.30370331,5.42271328,244,
SHP11,43.30380249,5.42377520,245,
SHP11,43.30384064,5.42421532,246,
SHP18,43.32793045,5.36728287,0,
SHP18,43.32736969,5.36743832,1,
SHP18,43.32713318,5.36758232,2,
SHP18,43.32691956,5.36773729,3,
SHP18,43.32663345,5.36800671,4,
SHP18,43.32605743,5.36855555,5,
SHP18,43.32547760,5.36909294,6,
SHP18,43.32497787,5.36942291,7,
SHP18,43.32440186,5.36977577,8,
SHP18,43.32351685,5.37034178,9,
SHP18,43.32291412,5.37079906,10,
SHP18,43.32270813,5.37097311,11,
SHP18,43.32249451,5.37110758,12,
SHP18,43.32226944,5.37119341,13,
SHP18,43.32204056,5.37124300,14,
SHP18,43.32085037,5.37139606,15,
SHP18,43.32085800,5.37139702,16,
SHP18,43.32072449,5.37140512,17,
SHP18,43.32058334,5.37142420,18,
SHP18,43.31981277,5.37151527,19,
SHP18,43.31934357,5.37157154,20,
SHP18,43.31899261,5.37162256,21,
SHP18,43.31882858,5.37165737,22,
SHP18,43.31855392,5.37173796,23,
SHP18,43.31845474,5.37176991,24,
SHP18,43.31830597,5.37183428,25,
SHP18,43.31807327,5.37195492,26,
SHP18,43.31794357,5.37202740,27,
SHP18,43.31776047,5.37215090,28,
SHP18,43.31755066,5.37230921,29,
SHP18,43.31740570,5.37242985,30,
SHP18,43.31704712,5.37275171,31,
SHP18,43.31689072,5.37289667,32,
SHP18,43.31679916,5.37296343,33,
SHP18,43.31670380,5.37301159,34,
SHP18,43.31655884,5.37308168,35,
SHP18,43.31641006,5.37311363,36,
SHP18,43.31624985,5.37314844,37,
SHP18,43.31592560,5.37317801,38,
SHP18,43.31512070,5.37300920,39,
SHP18,43.31485748,5.37296629,40,
SHP18,43.31465149,5.37293959,41,
SHP18,43.31454468,5.37292337,42,
SHP18,43.31430435,5.37291813,43,
SHP18,43.31413651,5.37293148,44,
SHP18,43.31383133,5.37297440,45,
SHP18,43.31358337,5.37301731,46,
SHP18,43.31326675,5.37307644,47,
SHP18,43.31299591,5.37315655,48,
SHP18,43.31258774,5.37329626,49,
SHP18,43.31224442,5.37340879,50,
SHP18,43.31175613,5.37356424,51,
SHP18,43.31150055,5.37364483,52,
SHP18,43.31107712,5.37378407,53,
SHP18,43.31070709,5.37381124,54,
SHP18,43.31050873,5.37377357,55,
SHP18,43.31021881,5.37366104,56,
SHP18,43.31002808,5.37352657,57,
SHP18,43.30991364,5.37343025,58,
SHP18,43.30983734,5.37333918,59,
SHP18,43.30971146,5.37308693,60,
SHP18,43.30938339,5.37233734,61,
SHP18,43.30938339,5.37233448,62,
SHP18,43.30878067,5.37087154,63,
SHP18,43.30762863,5.36809826,64,
SHP18,43.30754471,5.36795330,65,
SHP18,43.30743790,5.36781645,66,
SHP18,43.30728531,5.36763668,67,
SHP18,43.30716705,5.36753988,68,
SHP18,43.30703354,5.36745977,69,
SHP18,43.30697250,5.36741686,70,
SHP18,43.30659866,5.36728239,71,
SHP18,43.30611420,5.36715126,72,
SHP18,43.30586624,5.36708403,73,
SHP18,43.30556107,5.36700344,74,
SHP18,43.30538940,5.36700106,75,
SHP18,43.30527878,5.36701155,76,
SHP18,43.30516052,5.36704636,77,
SHP18,43.30506897,5.36706829,78,
SHP18,43.30499649,5.36709213,79,
SHP18,43.30492401,5.36712980,80,
SHP18,43.30390167,5.36789131,81,
SHP18,43.30387878,5.36786699,82,
SHP18,43.30389786,5.36788893,83,
SHP18,43.30268860,5.36889744,84,
SHP18,43.30251312,5.36916018,85,
SHP18,43.30240250,5.36940145,86,
SHP18,43.30234146,5.36967516,87,
SHP18,43.30216980,5.37048531,88,
SHP18,43.30189896,5.37169218,89,
SHP18,43.30177689,5.37236834,90,
SHP18,43.30176544,5.37284565,91,
SHP18,43.30176926,5.37319946,92,
SHP18,43.30184174,5.37356949,93,
SHP18,43.30197525,5.37401485,94,
SHP18,43.30195618,5.37402487,95,
SHP18,43.30197525,5.37401581,96,
SHP18,43.30212784,5.37472820,97,
SHP18,43.30224991,5.37508774,98,
SHP18,43.30240250,5.37536669,99,
SHP18,43.30269241,5.37579584,100,
SHP18,43.30297470,5.37621450,101,
SHP18,43.30310440,5.37650919,102,
SHP18,43.30323029,5.37682581,103,
SHP18,43.30332565,5.37729549,104,
SHP18,43.30335236,5.37779140,105,
SHP18,43.30327606,5.37825012,106,
SHP18,43.30315781,5.37877321,107,
SHP18,43.30313492,5.37886715,108,
SHP18,43.30304337,5.37911367,109,
SHP18,43.30236053,5.37992334,110,
SHP18,43.30229187,5.38001776,111,
SHP18,43.30229187,5.38001728,112,
SHP18,43.30160904,5.38082266,113,
SHP18,43.30129623,5.38105869,114,
SHP18,43.30089951,5.38124084,115,
SHP18,43.30050659,5.38129425,116,
SHP18,43.30028915,5.38131618,117,
SHP18,43.30013657,5.38131046,118,
SHP18,43.29970551,5.38127279,119,
SHP18,43.29918671,5.38118172,120,
SHP18,43.29877090,5.38109589,121,
SHP18,43.29837418,5.38104248,122,
SHP18,43.29819870,5.38104248,123,
SHP18,43.29679871,5.38126516,124,
SHP18,43.29679871,5.38126564,125,
SHP18,43.29650497,5.38133192,126,
SHP18,43.29605865,5.38147688,127,
SHP18,43.29578018,5.38164854,128,
SHP18,43.29541016,5.38187933,129,
SHP18,43.29504395,5.38212061,130,
SHP18,43.29490280,5.38230324,131,
SHP18,43.29442596,5.38281822,132,
SHP18,43.29417419,5.38303232,133,
SHP18,43.29377365,5.38325787,134,
SHP18,43.29328537,5.38344002,135,
SHP18,43.29282379,5.38366270,136,
SHP18,43.29191971,5.38389111,137,
SHP18,43.29143524,5.38401937,138,
SHP18,43.29087830,5.38406801,139,
SHP18,43.29014206,5.38402510,140,
SHP18,43.28927994,5.38398218,141,
SHP18,43.28829575,5.38389111,142,
SHP18,43.28745651,5.38376760,143,
SHP18,43.28702164,5.38375139,144,
SHP18,43.28673553,5.38372993,145,
SHP18,43.28650665,5.38371897,146,
SHP18,43.28627014,5.38377285,147,
SHP18,43.28608322,5.38381052,148,
SHP18,43.28592300,5.38386393,149,
SHP18,43.28574753,5.38396597,150,
SHP18,43.28534698,5.38421154,151,
SHP18,43.28515625,5.38435602,152,
SHP18,43.28514481,5.38433123,153,
SHP18,43.28515625,5.38435507,154,
SHP18,43.28331375,5.38541985,155,
SHP18,43.28180313,5.38627005,156,
SHP18,43.28098679,5.38673115,157,
SHP18,43.28029633,5.38712025,158,
SHP18,43.27939224,5.38760996,159,
SHP18,43.27939224,5.38760900,160,
SHP18,43.27769089,5.38860083,161,
SHP18,43.27458191,5.39040327,162,
SHP18,43.27346420,5.39103603,163,
SHP18,43.27212906,5.39208794,164,
SHP18,43.27185440,5.39230251,165,
SHP18,43.27157211,5.39248991,166,
SHP18,43.27145386,5.39254904,167,
SHP18,43.27141953,5.39256239,168,
SHP18,43.27141953,5.39256001,169,
SHP18,43.27120590,5.39272881,170,
SHP18,43.27096939,5.39287376,171,
SHP18,43.27055740,5.39314175,172,
SHP18,43.27020645,5.39335632,173,
SHP18,43.26992035,5.39354944,174,
SHP18,43.26977539,5.39367819,175,
SHP18,43.26957321,5.39387417,176,
SHP18,43.26885986,5.39490271,177,
SHP18,43.26874161,5.39523125,178,
SHP18,43.26866150,5.39554787,179,
SHP18,43.26862717,5.39585876,180,
SHP18,43.26861954,5.39597559,181,
SHP18,43.26862335,5.39616585,182,
SHP18,43.26865768,5.39647436,183,
SHP18,43.26872253,5.39672375,184,
SHP18,43.26879883,5.39695168,185,
SHP18,43.26889801,5.39717054,186,
SHP18,43.26899338,5.39733124,187,
SHP18,43.26909637,5.39748955,188,
SHP18,43.26945877,5.39804888,189,
SHP18,43.26951218,5.39814663,190,
SHP18,43.26957321,5.39831066,191,
SHP18,43.26966858,5.39857864,192,
SHP18,43.26973343,5.39887905,193,
SHP18,43.26974106,5.39910460,194,
SHP18,43.26975250,5.39942074,195,
SHP18,43.26976776,5.39983416,196,
SHP18,43.26979065,5.40009403,197,
SHP18,43.26985550,5.40049124,198,
SHP18,43.26996994,5.40084267,199,
SHP18,43.27056503,5.40217972,200,
SHP28,43.30387878,5.42421055,0,
SHP28,43.30381393,5.42421103,1,
SHP28,43.30380249,5.42368126,2,
SHP28,43.30378342,5.42315435,3,
SHP28,43.30379868,5.42304039,4,
SHP28,43.30367661,5.42172766,5,
SHP28,43.30354691,5.42041969,6,
SHP28,43.30338287,5.41914701,7,
SHP28,43.30330276,5.41859722,8,
SHP28,43.30329895,5.41859722,9,
SHP28,43.30323410,5.41818571,10,
SHP28,43.30276489,5.41665649,11,
SHP28,43.30200195,5.41455412,12,
SHP28,43.30104446,5.41402817,13,
SHP28,43.29999161,5.41358423,14,
SHP28,43.29998779,5.41359091,15,
SHP28,43.29962921,5.41303062,16,
SHP28,43.29835892,5.41080427,17,
SHP28,43.29720306,5.40899086,18,
SHP28,43.29631424,5.40758038,19,
SHP28,43.29591370,5.40683460,20,
SHP28,43.29547501,5.40615034,21,
SHP28,43.29547882,5.40614939,22,
SHP28,43.29525375,5.40571308,23,
SHP28,43.29510498,5.40544510,24,
SHP28,43.29492569,5.40523052,25,
SHP28,43.29312897,5.40292358,26,
SHP28,43.29272079,5.40226412,27,
SHP28,43.29241180,5.40177059,28,
SHP28,43.29195023,5.40122843,29,
SHP28,43.29116440,5.40039778,30,
SHP28,43.29116440,5.40039587,31,
SHP28,43.29086685,5.40016651,32,
SHP28,43.29011154,5.39937782,33,
SHP28,43.29000854,5.39922237,34,
SHP28,43.28994751,5.39907742,35,
SHP28,43.28976440,5.39833450,36,
SHP28,43.28964233,5.39784908,37,
SHP28,43.28817749,5.39209318,38,
SHP28,43.28815079,5.39198303,39,
SHP28,43.28815079,5.39198446,40,
SHP28,43.28624725,5.38476515,41,
SHP28,43.28617859,5.38451719,42,
SHP28,43.28582001,5.38333845,43,
SHP28,43.28577042,5.38297892,44,
SHP28,43.28574753,5.38261414,45,
SHP28,43.28578186,5.38187933,46,
SHP28,43.28586197,5.38124084,47,
SHP28,43.28606796,5.38060236,48,
SHP28,43.28614426,5.38044405,49,
SHP28,43.28625488,5.38023758,50,
SHP28,43.28665161,5.37982988,51,
SHP28,43.28720093,5.37951326,52,
SHP28,43.28773117,5.37929106,53,
SHP28,43.28827667,5.37906837,54,
SHP28,43.28872299,5.37889147,55,
SHP28,43.28908157,5.37874889,56,
SHP28,43.28945160,5.37860441,57,
SHP28,43.29032135,5.37800884,58,
SHP28,43.29032898,5.37802696,59,
SHP28,43.29032135,5.37800884,60,
SHP28,43.29094315,5.37771654,61,
SHP28,43.29113007,5.37760401,62,
SHP28,43.29130554,5.37742662,63,
SHP28,43.29145432,5.37726593,64,
SHP28,43.29172897,5.37690115,65,
SHP28,43.29221725,5.37593031,66,
SHP28,43.29281616,5.37494850,67,
SHP28,43.29296875,5.37472296,68,
SHP28,43.29313278,5.37454605,69,
SHP28,43.29344940,5.37437439,70,
SHP28,43.29381943,5.37424564,71,
SHP28,43.29424667,5.37434244,72,
SHP28,43.29444504,5.37442255,73,
SHP28,43.29473877,5.37446022,74,
SHP28,43.29565048,5.37422037,75,
SHP28,43.29565430,5.37424660,76,
SHP28,43.29565048,5.37422037,77,
SHP28,43.29651260,5.37406874,78,
SHP28,43.29712296,5.37404728,79,
SHP28,43.29789734,5.37405252,80,
SHP28,43.29910660,5.37411690,81,
SHP28,43.30030441,5.37437296,82,
SHP28,43.30030441,5.37437439,83,
SHP28,43.30087280,5.37451363,84,
SHP28,43.30130005,5.37469101,85,
SHP28,43.30186081,5.37491083,86,
SHP28,43.30231857,5.37529707,87,
SHP28,43.30299377,5.37615013,88,
SHP28,43.30339813,5.37672949,89,
SHP28,43.30345154,5.37683153,90,
SHP28,43.30356598,5.37716389,91,
SHP28,43.30365753,5.37744808,92,
SHP28,43.30367661,5.37759829,93,
SHP28,43.30368805,5.37774849,94,
SHP28,43.30366898,5.37789345,95,
SHP28,43.30361938,5.37833881,96,
SHP28,43.30351639,5.37865543,97,
SHP28,43.30334854,5.37899828,98,
SHP28,43.30235291,5.38012791,99,
SHP28,43.30235291,5.38013029,100,
SHP28,43.30116653,5.38129425,101,
SHP28,43.30068207,5.38193798,102,
SHP28,43.30030441,5.38263559,103,
SHP28,43.30010223,5.38308620,104,
SHP28,43.29995728,5.38351250,105,
SHP28,43.29989243,5.38384247,106,
SHP28,43.29987335,5.38403845,107,
SHP28,43.29986572,5.38437366,108,
SHP28,43.29988480,5.38461781,109,
SHP28,43.29994583,5.38484287,110,
SHP28,43.30001831,5.38507366,111,
SHP28,43.30041885,5.38618803,112,
SHP28,43.30041885,5.38618898,113,
SHP28,43.30359268,5.39312840,114,
SHP28,43.30408096,5.39610577,115,
SHP28,43.30408096,5.39610624,116,
SHP28,43.30426407,5.39726973,117,
SHP28,43.30457687,5.39828873,118,
SHP28,43.30487442,5.39879322,119,
SHP28,43.30532074,5.39931917,120,
SHP28,43.30600357,5.39979649,121,
SHP28,43.30677414,5.40017176,122,
SHP28,43.30914307,5.40141630,123,
SHP28,43.30910492,5.40148211,124,
SHP28,43.30914307,5.40141392,125,
SHP28,43.30981445,5.40161514,126,
SHP28,43.31041718,5.40181875,127,
SHP28,43.31142044,5.40223694,128,
SHP28,43.31211853,5.40255928,129,
SHP28,43.31372452,5.40381956,130,
SHP28,43.31439209,5.40432405,131,
SHP28,43.31468582,5.40454388,132,
SHP28,43.31489944,5.40479088,133,
SHP28,43.31513214,5.40516090,134,
SHP28,43.31530762,5.40574026,135,
SHP28,43.31545639,5.40641880,136,
SHP28,43.31541061,5.40643644,137,
SHP28,43.31544113,5.40642452,138,
SHP28,43.31566620,5.40753460,139,
SHP28,43.31592941,5.40877104,140,
SHP28,43.31608200,5.40934229,141,
SHP28,43.31631851,5.40994024,142,
SHP28,43.31661224,5.41056299,143,
SHP28,43.31681442,5.41094112,144,
SHP28,43.31745911,5.41206741,145,
SHP28,43.31810760,5.41307878,146,
SHP28,43.31875610,5.41393948,147,
SHP28,43.31983566,5.41524029,148,
SHP28,43.32092667,5.41647053,149,
SHP28,43.32096100,5.41642189,150,
SHP28,43.32203674,5.41769743,151,
SHP28,43.32255554,5.41831970,152,
SHP28,43.32297516,5.41888809,153,
SHP28,43.32364655,5.41984844,154,
SHP28,43.32449722,5.42125416,155,
SHP28,43.32531357,5.42287397,156,
SHP28,43.32549667,5.42323351,157,
SHP28,43.32569122,5.42363024,158,
SHP28,43.32609177,5.42440271,159,
SHP28,43.32644653,5.42492867,160,
SHP28,43.32778549,5.42714405,161,
SHP28,43.32805252,5.42732143,162,
SHP28,43.32832336,5.42746067,163,
SHP28,43.32862091,5.42751980,164,
SHP28,43.32888794,5.42752504,165,
SHP28,43.32999420,5.42740679,166,
SHP28,43.33019638,5.42742825,167,
SHP28,43.33039093,5.42747688,168,
SHP28,43.33055115,5.42751455,169,
SHP28,43.33072662,5.42760038,170,
SHP28,43.33088303,5.42770720,171,
SHP28,43.33147049,5.42827892,172,
SHP28,43.33220291,5.42899752,173,
SHP28,43.33265686,5.42935991,174,
SHP28,43.33299637,5.42962790,175,
SHP28,43.33310699,5.42972565,176,
SHP38,43.27058029,5.40215921,0,
SHP38,43.27016068,5.40120697,1,
SHP38,43.27003098,5.40090942,2,
SHP38,43.26992798,5.40063047,3,
SHP38,43.26985931,5.40032768,4,
SHP38,43.26981735,5.40001345,5,
SHP38,43.26979065,5.39953089,6,
SHP38,43.26977539,5.39904785,7,
SHP38,43.26973724,5.39877462,8,
SHP38,43.26966858,5.39845514,9,
SHP38,43.26961517,5.39832115,10,
SHP38,43.26955414,5.39817381,11,
SHP38,43.26952362,5.39810133,12,
SHP38,43.26948547,5.39803123,13,
SHP38,43.26938248,5.39787054,14,
SHP38,43.26930618,5.39775229,15,
SHP38,43.26912689,5.39746284,16,
SHP38,43.26897812,5.39724016,17,
SHP38,43.26885605,5.39701223,18,
SHP38,43.26877975,5.39680862,19,
SHP38,43.26869202,5.39647579,20,
SHP38,43.26865768,5.39624500,21,
SHP38,43.26866150,5.39600372,22,
SHP38,43.26866150,5.39578390,23,
SHP38,43.26869583,5.39555311,24,
SHP38,43.26880264,5.39512920,25,
SHP38,43.26916122,5.39447498,26,
SHP38,43.26957703,5.39391184,27,
SHP38,43.26993179,5.39361143,28,
SHP38,43.27079391,5.39304256,29,
SHP38,43.27141190,5.39257574,30,
SHP38,43.27141953,5.39260483,31,
SHP38,43.27141190,5.39257574,32,
SHP38,43.27183151,5.39236116,33,
SHP38,43.27220154,5.39209318,34,
SHP38,43.27306747,5.39131546,35,
SHP38,43.27344894,5.39105797,36,
SHP38,43.27369690,5.39090776,37,
SHP38,43.27429581,5.39056158,38,
SHP38,43.27514648,5.39007330,39,
SHP38,43.27588654,5.38967896,40,
SHP38,43.27621460,5.38949108,41,
SHP38,43.27868271,5.38808060,42,
SHP38,43.27939224,5.38764858,43,
SHP38,43.28516388,5.38439226,44,
SHP38,43.28516388,5.38439274,45,
SHP38,43.28590012,5.38397121,46,
SHP38,43.28606033,5.38388014,47,
SHP38,43.28623581,5.38385582,48,
SHP38,43.28644180,5.38385057,49,
SHP38,43.28677368,5.38387489,50,
SHP38,43.28715134,5.38389874,51,
SHP38,43.28769302,5.38396597,52,
SHP38,43.28835678,5.38405180,53,
SHP38,43.28926086,5.38412142,54,
SHP38,43.29003906,5.38418055,55,
SHP38,43.29087830,5.38422346,56,
SHP38,43.29281998,5.38366842,57,
SHP38,43.29363632,5.38331127,58,
SHP38,43.29428482,5.38305378,59,
SHP38,43.29449081,5.38289833,60,
SHP38,43.29469299,5.38269997,61,
SHP38,43.29510117,5.38223314,62,
SHP38,43.29566574,5.38182545,63,
SHP38,43.29624557,5.38152504,64,
SHP38,43.29645920,5.38142586,65,
SHP38,43.29677582,5.38125563,66,
SHP38,43.29801559,5.38114977,67,
SHP38,43.29848099,5.38118696,68,
SHP38,43.29892349,5.38126230,69,
SHP38,43.29930878,5.38133192,70,
SHP38,43.29969788,5.38141251,71,
SHP38,43.30033112,5.38143396,72,
SHP38,43.30087662,5.38141251,73,
SHP38,43.30118561,5.38136435,74,
SHP38,43.30138397,5.38129425,75,
SHP38,43.30152512,5.38116598,76,
SHP38,43.30180359,5.38090563,77,
SHP38,43.30237198,5.38023233,78,
SHP38,43.30303192,5.37942219,79,
SHP38,43.30332947,5.37900400,80,
SHP38,43.30343246,5.37854242,81,
SHP38,43.30344772,5.37845135,82,
SHP38,43.30346298,5.37817240,83,
SHP38,43.30346298,5.37768412,84,
SHP38,43.30339813,5.37717485,85,
SHP38,43.30328369,5.37671852,86,
SHP38,43.30311584,5.37629461,87,
SHP38,43.30288315,5.37587643,88,
SHP38,43.30263519,5.37546349,89,
SHP38,43.30236816,5.37502861,90,
SHP38,43.30217361,5.37452459,91,
SHP38,43.30198288,5.37399340,92,
SHP38,43.30189896,5.37334967,93,
SHP38,43.30184555,5.37280273,94,
SHP38,43.30188751,5.37213755,95,
SHP38,43.30214310,5.37080717,96,
SHP38,43.30256271,5.36909580,97,
SHP38,43.30389404,5.36793709,98,
SHP38,43.30462265,5.36734438,99,
SHP38,43.30475998,5.36722612,100,
SHP38,43.30490112,5.36713266,101,
SHP38,43.30514908,5.36707592,102,
SHP38,43.30527878,5.36706018,103,
SHP38,43.30553055,5.36705732,104,
SHP38,43.30576324,5.36711645,105,
SHP38,43.30615997,5.36721277,106,
SHP38,43.30654526,5.36731768,107,
SHP38,43.30697250,5.36746216,108,
SHP38,43.30715561,5.36758852,109,
SHP38,43.30731964,5.36772537,110,
SHP38,43.30745316,5.36789703,111,
SHP38,43.30759048,5.36810589,112,
SHP38,43.30766296,5.36824799,113,
SHP38,43.30777359,5.36852169,114,
SHP38,43.30856323,5.37044239,115,
SHP38,43.30934143,5.37236023,116,
SHP38,43.30934143,5.37236071,117,
SHP38,43.30949402,5.37274075,118,
SHP38,43.30986023,5.37344646,119,
SHP38,43.31019592,5.37370920,120,
SHP38,43.31048965,5.37382746,121,
SHP38,43.31070328,5.37387562,122,
SHP38,43.31106567,5.37383795,123,
SHP38,43.31213760,5.37349987,124,
SHP38,43.31321716,5.37312460,125,
SHP38,43.31408691,5.37297964,126,
SHP38,43.31449127,5.37295818,127,
SHP38,43.31470490,5.37297964,128,
SHP38,43.31513977,5.37304401,129,
SHP38,43.31514359,5.37304401,130,
SHP38,43.31604385,5.37320757,131,
SHP38,43.31624603,5.37319946,132,
SHP38,43.31641769,5.37316751,133,
SHP38,43.31651306,5.37315416,134,
SHP38,43.31664658,5.37309790,135,
SHP38,43.31690598,5.37294722,136,
SHP38,43.31733322,5.37255049,137,
SHP38,43.31788635,5.37211609,138,
SHP38,43.31848145,5.37179947,139,
SHP38,43.31893921,5.37167597,140,
SHP38,43.31941986,5.37160635,141,
SHP38,43.31989670,5.37155819,142,
SHP38,43.32084274,5.37142944,143,
SHP38,43.32084274,5.37146235,144,
SHP38,43.32083893,5.37142801,145,
SHP38,43.32204437,5.37128448,146,
SHP38,43.32223892,5.37124538,147,
SHP38,43.32244492,5.37117338,148,
SHP38,43.32263565,5.37106848,149,
SHP38,43.32301712,5.37077618,150,
SHP38,43.32333374,5.37052536,151,
SHP38,43.32350159,5.37039804,152,
SHP38,43.32408142,5.37002516,153,
SHP38,43.32450485,5.36975288,154,
SHP38,43.32479095,5.36958122,155,
SHP38,43.32531357,5.36924982,156,
SHP38,43.32548523,5.36912537,157,
SHP38,43.32590103,5.36875105,158,
SHP38,43.32630920,5.36837578,159,
SHP38,43.32692719,5.36779642,160,
SHP38,43.32714081,5.36762619,161,
SHP38,43.32739258,5.36749029,162,
SHP38,43.32794189,5.36731482,163,
SHP38,43.32794952,5.36735773,164,
