shape_id,shape_pt_lat,shape_pt_lon,shape_pt_sequence
021R-68-North,53.457220,-113.516340,10001
021R-68-North,53.458230,-113.516350,10002
021R-68-North,53.458590,-113.516350,10003
021R-68-North,53.459400,-113.516350,10004
021R-68-North,53.459850,-113.516350,10005
021R-68-North,53.461120,-113.516360,10006
021R-68-North,53.461240,-113.516360,10007
021R-68-North,53.462040,-113.516370,10008
021R-68-North,53.462660,-113.516370,10009
021R-68-North,53.463440,-113.516350,10010
021R-68-North,53.463970,-113.516330,10011
021R-68-North,53.465120,-113.516310,10012
021R-68-North,53.465830,-113.516320,10013
021R-68-North,53.465980,-113.516320,10014
021R-68-North,53.466080,-113.516320,10015
021R-68-North,53.467240,-113.516340,10016
021R-68-North,53.472070,-113.516400,10017
021R-68-North,53.472570,-113.516400,10018
021R-68-North,53.475100,-113.516400,10019
021R-68-North,53.475700,-113.516400,10020
021R-68-North,53.475850,-113.516400,10021
021R-68-North,53.477360,-113.516410,10022
021R-68-North,53.478070,-113.516410,10023
021R-68-North,53.478400,-113.516410,10024
021R-68-North,53.479300,-113.516410,10025
021R-68-North,53.479680,-113.516410,10026
021R-68-North,53.479890,-113.516390,10027
021R-68-North,53.480170,-113.516350,10028
021R-68-North,53.480680,-113.516270,10029
021R-68-North,53.481140,-113.516210,10030
021R-68-North,53.481360,-113.516190,10031
021R-68-North,53.481720,-113.516220,10032
021R-68-North,53.482040,-113.516290,10033
021R-68-North,53.482240,-113.516340,10034
021R-68-North,53.483290,-113.516600,10035
021R-68-North,53.483810,-113.516730,10036
021R-68-North,53.484260,-113.516780,10037
021R-68-North,53.484780,-113.516800,10038
021R-68-North,53.485755,-113.516724,10039
021R-68-North,53.485360,-113.516780,20001
021R-68-North,53.486840,-113.516760,20002
021R-68-North,53.488140,-113.516760,20003
021R-68-North,53.488300,-113.516760,20004
021R-68-North,53.489570,-113.516730,20005
021R-68-North,53.490610,-113.516730,20006
021R-68-North,53.491170,-113.516730,20007
021R-68-North,53.491990,-113.516720,20008
021R-68-North,53.493060,-113.516700,20009
021R-68-North,53.493690,-113.516690,20010
021R-68-North,53.494090,-113.516700,20011
021R-68-North,53.495000,-113.516710,20012
021R-68-North,53.495560,-113.516720,20013
021R-68-North,53.495960,-113.516740,20014
021R-68-North,53.496100,-113.516760,20015
021R-68-North,53.496350,-113.516810,20016
021R-68-North,53.496470,-113.516870,20017
021R-68-North,53.496640,-113.516960,20018
021R-68-North,53.496810,-113.517100,20019
021R-68-North,53.496940,-113.517220,20020
021R-68-North,53.497110,-113.517430,20021
021R-68-North,53.497260,-113.517670,20022
021R-68-North,53.497400,-113.517940,20023
021R-68-North,53.497500,-113.518200,20024
021R-68-North,53.497610,-113.518550,20025
021R-68-North,53.497690,-113.518870,20026
021R-68-North,53.497740,-113.519230,20027
021R-68-North,53.497770,-113.519630,20028
021R-68-North,53.497790,-113.520290,20029
021R-68-North,53.497810,-113.520860,20030
021R-68-North,53.497840,-113.521850,20031
021R-68-North,53.497870,-113.522740,20032
021R-68-North,53.497880,-113.522900,20033
021R-68-North,53.497960,-113.525430,20034
021R-68-North,53.497990,-113.526070,20035
021R-68-North,53.498040,-113.526430,20036
021R-68-North,53.498090,-113.526660,20037
021R-68-North,53.498170,-113.526970,20038
021R-68-North,53.498250,-113.527200,20039
021R-68-North,53.498330,-113.527370,20040
021R-68-North,53.498530,-113.527730,20041
021R-68-North,53.498710,-113.527980,20042
021R-68-North,53.498840,-113.528100,20043
021R-68-North,53.499060,-113.528280,20044
021R-68-North,53.499270,-113.528380,20045
021R-68-North,53.499470,-113.528430,20046
021R-68-North,53.499650,-113.528440,20047
021R-68-North,53.500440,-113.528450,20048
021R-68-North,53.502310,-113.528450,20049
021R-68-North,53.502940,-113.528414,20050
021R-68-North,53.503220,-113.528450,30001
021R-68-North,53.503670,-113.528470,30002
021R-68-North,53.504100,-113.528500,30003
021R-68-North,53.504870,-113.528500,30004
021R-68-North,53.505380,-113.528500,30005
021R-68-North,53.505570,-113.528480,30006
021R-68-North,53.505740,-113.528440,30007
021R-68-North,53.505880,-113.528390,30008
021R-68-North,53.506010,-113.528320,30009
021R-68-North,53.506120,-113.528250,30010
021R-68-North,53.506250,-113.528140,30011
021R-68-North,53.506390,-113.528010,30012
021R-68-North,53.506500,-113.527870,30013
021R-68-North,53.506690,-113.527600,30014
021R-68-North,53.506880,-113.527290,30015
021R-68-North,53.507160,-113.526830,30016
021R-68-North,53.507420,-113.526420,30017
021R-68-North,53.507540,-113.526270,30018
021R-68-North,53.507680,-113.526110,30019
021R-68-North,53.507840,-113.525980,30020
021R-68-North,53.507990,-113.525880,30021
021R-68-North,53.508140,-113.525800,30022
021R-68-North,53.508250,-113.525760,30023
021R-68-North,53.508380,-113.525720,30024
021R-68-North,53.508530,-113.525700,30025
021R-68-North,53.508640,-113.525700,30026
021R-68-North,53.508740,-113.525710,30027
021R-68-North,53.508900,-113.525740,30028
021R-68-North,53.509170,-113.525850,30029
021R-68-North,53.509490,-113.525990,30030
021R-68-North,53.509580,-113.526020,30031
021R-68-North,53.509650,-113.526050,30032
021R-68-North,53.509790,-113.526080,30033
021R-68-North,53.509920,-113.526110,30034
021R-68-North,53.510110,-113.526120,30035
021R-68-North,53.510690,-113.526120,30036
021R-68-North,53.513008,-113.526113,30037
021R-68-North,53.513010,-113.526160,40001
021R-68-North,53.513380,-113.526160,40002
021R-68-North,53.513940,-113.526160,40003
021R-68-North,53.515290,-113.526150,40004
021R-68-North,53.516080,-113.526160,40005
021R-68-North,53.516560,-113.526130,40006
021R-68-North,53.516710,-113.526110,40007
021R-68-North,53.517290,-113.526000,40008
021R-68-North,53.517930,-113.525860,40009
021R-68-North,53.518190,-113.525830,40010
021R-68-North,53.518450,-113.525830,40011
021R-68-North,53.518830,-113.525840,40012
021R-68-North,53.520388,-113.525818,40013
021R-68-North,53.520390,-113.525860,50001
021R-68-North,53.520620,-113.525860,50002
021R-68-North,53.521990,-113.525860,50003
021R-68-North,53.522330,-113.525870,50004
021R-68-North,53.522510,-113.525860,50005
021R-68-North,53.522730,-113.525810,50006
021R-68-North,53.522970,-113.525720,50007
021R-68-North,53.523150,-113.525630,50008
021R-68-North,53.523380,-113.525460,50009
021R-68-North,53.523540,-113.525310,50010
021R-68-North,53.523780,-113.525030,50011
021R-68-North,53.523950,-113.524770,50012
021R-68-North,53.524110,-113.524500,50013
021R-68-North,53.524260,-113.524160,50014
021R-68-North,53.524350,-113.523930,50015
021R-68-North,53.524420,-113.523700,50016
021R-68-North,53.524550,-113.523280,50017
021R-68-North,53.524940,-113.522258,50018
021R-68-North,53.525200,-113.521180,60001
021R-68-North,53.525410,-113.520510,60002
021R-68-North,53.525680,-113.519630,60003
021R-68-North,53.525900,-113.518980,60004
021R-68-North,53.526080,-113.518500,60005
021R-68-North,53.526180,-113.518220,60006
021R-68-North,53.526310,-113.517880,60007
021R-68-North,53.526390,-113.517680,60008
021R-68-North,53.526760,-113.516810,60009
021R-68-North,53.527310,-113.515620,60010
021R-68-North,53.527370,-113.515490,60011
021R-68-North,53.527720,-113.514750,60012
021R-68-North,53.528110,-113.514010,60013
021R-68-North,53.528310,-113.513700,60014
021R-68-North,53.528580,-113.513350,60015
021R-68-North,53.528810,-113.513110,60016
021R-68-North,53.529130,-113.512830,60017
021R-68-North,53.529460,-113.512600,60018
021R-68-North,53.532450,-113.510850,60019
021R-68-North,53.532770,-113.510690,60020
021R-68-North,53.533140,-113.510500,60021
021R-68-North,53.533510,-113.510390,60022
021R-68-North,53.533940,-113.510310,60023
021R-68-North,53.534830,-113.510300,60024
021R-68-North,53.535620,-113.510290,60025
021R-68-North,53.535650,-113.510290,60026
021R-68-North,53.536296,-113.510196,60027
021R-68-North,53.536740,-113.510290,70001
021R-68-North,53.537070,-113.510290,70002
021R-68-North,53.537210,-113.510290,70003
021R-68-North,53.537520,-113.510290,70004
021R-68-North,53.538080,-113.510290,70005
021R-68-North,53.538590,-113.510290,70006
021R-68-North,53.538780,-113.510260,70007
021R-68-North,53.538980,-113.510200,70008
021R-68-North,53.539340,-113.509970,70009
021R-68-North,53.539650,-113.509630,70010
021R-68-North,53.540270,-113.508720,70011
021R-68-North,53.540500,-113.508370,70012
021R-68-North,53.540610,-113.508120,70013
021R-68-North,53.540730,-113.507810,70014
021R-68-North,53.540810,-113.507500,70015
021R-68-North,53.540920,-113.504610,70016
021R-68-North,53.540920,-113.494960,80001
021R-68-North,53.540930,-113.498330,90001
021R-68-North,53.540930,-113.497440,90002
021R-68-North,53.540930,-113.497060,90003
021R-68-North,53.540920,-113.495670,90004
021R-68-North,53.540920,-113.494000,90005
021R-68-North,53.540950,-113.493520,90006
021R-68-North,53.540980,-113.493030,90007
021R-68-North,53.541040,-113.492040,90008
021R-68-North,53.541060,-113.491720,90009
021R-68-North,53.541070,-113.491610,100001
021R-68-North,53.541120,-113.490810,100002
021R-68-North,53.541180,-113.490460,100003
021R-68-North,53.541240,-113.490200,100004
021R-68-North,53.541380,-113.489810,100005
021R-68-North,53.541490,-113.489570,100006
021R-68-North,53.541680,-113.489290,100007
021R-68-North,53.541850,-113.489110,100008
021R-68-North,53.542050,-113.488950,100009
021R-68-North,53.542290,-113.488820,100010
021R-68-North,53.542580,-113.488770,100011
021R-68-North,53.542810,-113.488790,100012
021R-68-North,53.542970,-113.488840,100013
021R-68-North,53.543510,-113.488930,100014
021R-68-North,53.543760,-113.488980,100015
021R-68-North,53.544890,-113.489180,110001
021R-68-North,53.545010,-113.489190,110002
021R-68-North,53.545120,-113.489200,110003
021R-68-North,53.545200,-113.489200,110004
021R-68-North,53.545350,-113.489180,110005
021R-68-North,53.545550,-113.489130,110006
021R-68-North,53.545800,-113.489000,110007
021R-68-North,53.546060,-113.488780,110008
021R-68-North,53.546240,-113.488570,110009
021R-68-North,53.546920,-113.487660,110010
021R-68-North,53.548510,-113.485510,110011
021R-68-North,53.548630,-113.485270,110012
021R-68-North,53.548770,-113.485000,110013
021R-68-North,53.548990,-113.484550,110014
021R-68-North,53.549310,-113.483610,110015
021R-68-North,53.549500,-113.483110,110016
021R-68-North,53.549750,-113.482580,110017
021R-68-North,53.550030,-113.482100,110018
021R-68-North,53.550310,-113.481700,110019
021R-68-North,53.550400,-113.481580,110020
021R-68-North,53.550900,-113.481020,110021
021R-68-North,53.553270,-113.478320,110022
021R-68-North,53.556360,-113.474790,110023
021R-68-North,53.559160,-113.471590,110024
021R-68-North,53.559470,-113.471260,110025
021R-68-North,53.559780,-113.470900,110026
021R-68-North,53.560140,-113.470490,110027
021R-68-North,53.560400,-113.470190,120001
021R-68-North,53.560670,-113.469870,120002
021R-68-North,53.561090,-113.469390,120003
021R-68-North,53.561180,-113.469280,120004
021R-68-North,53.562910,-113.467320,120005
021R-68-North,53.563940,-113.466130,120006
021R-68-North,53.565820,-113.463990,120007
021R-68-North,53.567190,-113.462420,120008
021R-68-North,53.568210,-113.461250,120009
021R-68-North,53.568750,-113.460600,120010
021R-68-North,53.569040,-113.460240,120011
021R-68-North,53.569400,-113.459820,120012
021R-68-North,53.570060,-113.459050,120013
021R-68-North,53.570890,-113.458110,120014
021R-68-North,53.571070,-113.457910,130001
021R-68-North,53.571630,-113.457270,130002
021R-68-North,53.572230,-113.456620,130003
021R-68-North,53.573270,-113.455430,130004
021R-68-North,53.574380,-113.454170,130005
021R-68-North,53.575590,-113.452790,130006
021R-68-North,53.575870,-113.452470,130007
021R-68-North,53.576060,-113.452220,130008
021R-68-North,53.576380,-113.451790,130009
021R-68-North,53.576790,-113.451250,130010
021R-68-North,53.577070,-113.450870,130011
021R-68-North,53.577330,-113.450530,130012
021R-68-North,53.577750,-113.449960,130013
021R-68-North,53.578270,-113.449140,130014
021R-68-North,53.578530,-113.448720,130015
021R-68-North,53.582150,-113.442930,140001
021R-68-North,53.582400,-113.442540,140002
021R-68-North,53.582600,-113.442200,140003
021R-68-North,53.582780,-113.441890,140004
021R-68-North,53.582940,-113.441590,140005
021R-68-North,53.583050,-113.441330,140006
021R-68-North,53.583280,-113.440810,140007
021R-68-North,53.583500,-113.440290,140008
021R-68-North,53.583770,-113.439750,140009
021R-68-North,53.584050,-113.439230,140010
021R-68-North,53.584210,-113.438960,140011
021R-68-North,53.584540,-113.438460,140012
021R-68-North,53.585410,-113.437150,140013
021R-68-North,53.585710,-113.436760,140014
021R-68-North,53.586310,-113.435970,140015
021R-68-North,53.586550,-113.435660,140016
021R-68-North,53.586840,-113.435250,140017
021R-68-North,53.587180,-113.434730,140018
021R-68-North,53.587630,-113.434020,140019
021R-68-North,53.587830,-113.433690,140020
021R-68-North,53.588370,-113.432840,140021
021R-68-North,53.588840,-113.432080,150001
021R-68-North,53.589920,-113.430410,150002
021R-68-North,53.591390,-113.428060,150003
021R-68-North,53.593480,-113.424700,150004
021R-68-North,53.594600,-113.422970,150005
021R-68-North,53.595420,-113.421670,150006
021R-68-North,53.596380,-113.420130,160001
021R-68-North,53.597460,-113.418400,160002
021R-68-North,53.599700,-113.414810,160003
021R-68-North,53.600470,-113.413540,160004
021R-68-North,53.601420,-113.411960,160005
021R-68-North,53.601550,-113.411750,160006
021R-69-South,53.601550,-113.411750,10001
021R-69-South,53.601420,-113.411960,10002
021R-69-South,53.600470,-113.413540,10003
021R-69-South,53.599700,-113.414810,10004
021R-69-South,53.597460,-113.418400,10005
021R-69-South,53.596380,-113.420130,10006
021R-69-South,53.595430,-113.421660,10007
021R-69-South,53.595140,-113.422160,10008
021R-69-South,53.594600,-113.422970,20001
021R-69-South,53.593480,-113.424700,20002
021R-69-South,53.591390,-113.428060,20003
021R-69-South,53.589920,-113.430410,20004
021R-69-South,53.588840,-113.432080,20005
021R-69-South,53.588150,-113.433190,20006
021R-69-South,53.587830,-113.433690,30001
021R-69-South,53.587630,-113.434020,30002
021R-69-South,53.587180,-113.434730,30003
021R-69-South,53.586840,-113.435250,30004
021R-69-South,53.586550,-113.435660,30005
021R-69-South,53.586310,-113.435970,30006
021R-69-South,53.585710,-113.436760,30007
021R-69-South,53.585410,-113.437150,30008
021R-69-South,53.584540,-113.438460,30009
021R-69-South,53.584210,-113.438960,30010
021R-69-South,53.584050,-113.439230,30011
021R-69-South,53.583770,-113.439750,30012
021R-69-South,53.583500,-113.440290,30013
021R-69-South,53.583280,-113.440810,30014
021R-69-South,53.583050,-113.441330,30015
021R-69-South,53.582940,-113.441590,30016
021R-69-South,53.582780,-113.441890,30017
021R-69-South,53.582600,-113.442200,30018
021R-69-South,53.582400,-113.442540,30019
021R-69-South,53.582150,-113.442930,30020
021R-69-South,53.579130,-113.447890,30021
021R-69-South,53.578530,-113.448720,40001
021R-69-South,53.578270,-113.449140,40002
021R-69-South,53.577750,-113.449960,40003
021R-69-South,53.577330,-113.450530,40004
021R-69-South,53.577070,-113.450870,40005
021R-69-South,53.576790,-113.451250,40006
021R-69-South,53.576380,-113.451790,40007
021R-69-South,53.576060,-113.452220,40008
021R-69-South,53.575870,-113.452470,40009
021R-69-South,53.575590,-113.452790,40010
021R-69-South,53.574380,-113.454170,40011
021R-69-South,53.573270,-113.455430,40012
021R-69-South,53.572230,-113.456620,40013
021R-69-South,53.571630,-113.457270,40014
021R-69-South,53.571070,-113.457910,40015
021R-69-South,53.570550,-113.458490,40016
021R-69-South,53.570060,-113.459050,50001
021R-69-South,53.569400,-113.459820,50002
021R-69-South,53.569040,-113.460240,50003
021R-69-South,53.568750,-113.460600,50004
021R-69-South,53.568210,-113.461250,50005
021R-69-South,53.567190,-113.462420,50006
021R-69-South,53.565820,-113.463990,50007
021R-69-South,53.563940,-113.466130,50008
021R-69-South,53.562910,-113.467320,50009
021R-69-South,53.561180,-113.469280,50010
021R-69-South,53.561090,-113.469390,50011
021R-69-South,53.560670,-113.469870,50012
021R-69-South,53.560400,-113.470190,50013
021R-69-South,53.559780,-113.470900,50014
021R-69-South,53.559720,-113.470970,60001
021R-69-South,53.559470,-113.471260,60002
021R-69-South,53.559160,-113.471590,60003
021R-69-South,53.556360,-113.474790,60004
021R-69-South,53.553270,-113.478320,60005
021R-69-South,53.550900,-113.481020,60006
021R-69-South,53.550400,-113.481580,60007
021R-69-South,53.550310,-113.481700,60008
021R-69-South,53.550030,-113.482100,60009
021R-69-South,53.549750,-113.482580,60010
021R-69-South,53.549500,-113.483110,60011
021R-69-South,53.549310,-113.483610,60012
021R-69-South,53.548990,-113.484550,60013
021R-69-South,53.548770,-113.485000,60014
021R-69-South,53.548630,-113.485270,60015
021R-69-South,53.548510,-113.485510,60016
021R-69-South,53.546920,-113.487660,60017
021R-69-South,53.546240,-113.488570,60018
021R-69-South,53.546060,-113.488780,60019
021R-69-South,53.545800,-113.489000,60020
021R-69-South,53.545550,-113.489130,60021
021R-69-South,53.545350,-113.489180,60022
021R-69-South,53.545200,-113.489200,60023
021R-69-South,53.545120,-113.489200,60024
021R-69-South,53.545010,-113.489190,60025
021R-69-South,53.544890,-113.489180,60026
021R-69-South,53.544320,-113.489080,60027
021R-69-South,53.543510,-113.488930,70001
021R-69-South,53.542970,-113.488840,70002
021R-69-South,53.542810,-113.488790,70003
021R-69-South,53.542580,-113.488770,70004
021R-69-South,53.542290,-113.488820,70005
021R-69-South,53.542050,-113.488950,70006
021R-69-South,53.541850,-113.489110,70007
021R-69-South,53.541680,-113.489290,70008
021R-69-South,53.541490,-113.489570,70009
021R-69-South,53.541380,-113.489810,70010
021R-69-South,53.541240,-113.490200,70011
021R-69-South,53.541180,-113.490460,70012
021R-69-South,53.541120,-113.490810,70013
021R-69-South,53.541070,-113.491610,70014
021R-69-South,53.541050,-113.491960,70015
021R-69-South,53.540930,-113.498210,80001
021R-69-South,53.540920,-113.499130,90001
021R-69-South,53.540930,-113.501070,90002
021R-69-South,53.540940,-113.502970,90003
021R-69-South,53.540940,-113.503870,90004
021R-69-South,53.540940,-113.504530,90005
021R-69-South,53.540950,-113.505770,100002
021R-69-South,53.540950,-113.506340,100003
021R-69-South,53.540940,-113.506690,100004
021R-69-South,53.540880,-113.507180,100005
021R-69-South,53.540810,-113.507500,100006
021R-69-South,53.540730,-113.507810,100007
021R-69-South,53.540610,-113.508120,100008
021R-69-South,53.540500,-113.508370,100009
021R-69-South,53.540270,-113.508720,100010
021R-69-South,53.539650,-113.509630,100011
021R-69-South,53.539340,-113.509970,100012
021R-69-South,53.538980,-113.510200,100013
021R-69-South,53.538780,-113.510260,100014
021R-69-South,53.538590,-113.510290,100015
021R-69-South,53.538080,-113.510290,100016
021R-69-South,53.537520,-113.510290,100017
021R-69-South,53.537210,-113.510290,100018
021R-69-South,53.537070,-113.510290,100019
021R-69-South,53.536740,-113.510290,100020
021R-69-South,53.536180,-113.510290,100021
021R-69-South,53.535650,-113.510290,110001
021R-69-South,53.535620,-113.510290,110002
021R-69-South,53.534830,-113.510300,110003
021R-69-South,53.533940,-113.510310,110004
021R-69-South,53.533510,-113.510390,110005
021R-69-South,53.533140,-113.510500,110006
021R-69-South,53.532770,-113.510690,110007
021R-69-South,53.532450,-113.510850,110008
021R-69-South,53.529460,-113.512600,110009
021R-69-South,53.529130,-113.512830,110010
021R-69-South,53.528810,-113.513110,110011
021R-69-South,53.528580,-113.513350,110012
021R-69-South,53.528310,-113.513700,110013
021R-69-South,53.528110,-113.514010,110014
021R-69-South,53.527720,-113.514750,110015
021R-69-South,53.527370,-113.515490,110016
021R-69-South,53.527310,-113.515620,110017
021R-69-South,53.526760,-113.516810,110018
021R-69-South,53.526390,-113.517680,110019
021R-69-South,53.526310,-113.517880,110020
021R-69-South,53.526180,-113.518220,110021
021R-69-South,53.526080,-113.518500,110022
021R-69-South,53.525900,-113.518980,110023
021R-69-South,53.525680,-113.519630,110024
021R-69-South,53.525410,-113.520510,110025
021R-69-South,53.525200,-113.521180,110026
021R-69-South,53.525100,-113.521510,110027
021R-69-South,53.524550,-113.523280,120001
021R-69-South,53.524420,-113.523700,120002
021R-69-South,53.524350,-113.523930,120003
021R-69-South,53.524260,-113.524160,120004
021R-69-South,53.524110,-113.524500,120005
021R-69-South,53.523950,-113.524770,120006
021R-69-South,53.523780,-113.525030,120007
021R-69-South,53.523540,-113.525310,120008
021R-69-South,53.523380,-113.525460,120009
021R-69-South,53.523150,-113.525630,120010
021R-69-South,53.522970,-113.525720,120011
021R-69-South,53.522730,-113.525810,120012
021R-69-South,53.522510,-113.525860,120013
021R-69-South,53.522330,-113.525870,120014
021R-69-South,53.521990,-113.525860,120015
021R-69-South,53.520620,-113.525860,120016
021R-69-South,53.519940,-113.525860,120017
021R-69-South,53.519650,-113.525850,130001
021R-69-South,53.518830,-113.525840,130002
021R-69-South,53.518450,-113.525830,130003
021R-69-South,53.518190,-113.525830,130004
021R-69-South,53.517930,-113.525860,130005
021R-69-South,53.517290,-113.526000,130006
021R-69-South,53.516710,-113.526110,130007
021R-69-South,53.516560,-113.526130,130008
021R-69-South,53.516080,-113.526160,130009
021R-69-South,53.515290,-113.526150,130010
021R-69-South,53.513940,-113.526160,130011
021R-69-South,53.513380,-113.526160,130012
021R-69-South,53.512910,-113.526160,130013
021R-69-South,53.512250,-113.526160,140001
021R-69-South,53.510690,-113.526120,140002
021R-69-South,53.510110,-113.526120,140003
021R-69-South,53.509920,-113.526110,140004
021R-69-South,53.509790,-113.526080,140005
021R-69-South,53.509650,-113.526050,140006
021R-69-South,53.509580,-113.526020,140007
021R-69-South,53.509490,-113.525990,140008
021R-69-South,53.509170,-113.525850,140009
021R-69-South,53.508900,-113.525740,140010
021R-69-South,53.508740,-113.525710,140011
021R-69-South,53.508640,-113.525700,140012
021R-69-South,53.508530,-113.525700,140013
021R-69-South,53.508380,-113.525720,140014
021R-69-South,53.508250,-113.525760,140015
021R-69-South,53.508140,-113.525800,140016
021R-69-South,53.507990,-113.525880,140017
021R-69-South,53.507840,-113.525980,140018
021R-69-South,53.507680,-113.526110,140019
021R-69-South,53.507540,-113.526270,140020
021R-69-South,53.507420,-113.526420,140021
021R-69-South,53.507160,-113.526830,140022
021R-69-South,53.506880,-113.527290,140023
021R-69-South,53.506690,-113.527600,140024
021R-69-South,53.506500,-113.527870,140025
021R-69-South,53.506390,-113.528010,140026
021R-69-South,53.506250,-113.528140,140027
021R-69-South,53.506120,-113.528250,140028
021R-69-South,53.506010,-113.528320,140029
021R-69-South,53.505880,-113.528390,140030
021R-69-South,53.505740,-113.528440,140031
021R-69-South,53.505570,-113.528480,140032
021R-69-South,53.505380,-113.528500,140033
021R-69-South,53.504870,-113.528500,140034
021R-69-South,53.504100,-113.528500,140035
021R-69-South,53.503670,-113.528470,140036
021R-69-South,53.503220,-113.528450,140037
021R-69-South,53.502520,-113.528450,140038
021R-69-South,53.502310,-113.528450,140039
021R-69-South,53.500440,-113.528450,150001
021R-69-South,53.499650,-113.528440,150002
021R-69-South,53.499470,-113.528430,150003
021R-69-South,53.499270,-113.528380,150004
021R-69-South,53.499060,-113.528280,150005
021R-69-South,53.498840,-113.528100,150006
021R-69-South,53.498710,-113.527980,150007
021R-69-South,53.498530,-113.527730,150008
021R-69-South,53.498330,-113.527370,150009
021R-69-South,53.498250,-113.527200,150010
021R-69-South,53.498170,-113.526970,150011
021R-69-South,53.498090,-113.526660,150012
021R-69-South,53.498040,-113.526430,150013
021R-69-South,53.497990,-113.526070,150014
021R-69-South,53.497960,-113.525430,150015
021R-69-South,53.497880,-113.522900,150016
021R-69-South,53.497870,-113.522740,150017
021R-69-South,53.497840,-113.521850,150018
021R-69-South,53.497810,-113.520860,150019
021R-69-South,53.497790,-113.520290,150020
021R-69-South,53.497770,-113.519630,150021
021R-69-South,53.497740,-113.519230,150022
021R-69-South,53.497690,-113.518870,150023
021R-69-South,53.497610,-113.518550,150024
021R-69-South,53.497500,-113.518200,150025
021R-69-South,53.497400,-113.517940,150026
021R-69-South,53.497260,-113.517670,150027
021R-69-South,53.497110,-113.517430,150028
021R-69-South,53.496940,-113.517220,150029
021R-69-South,53.496810,-113.517100,150030
021R-69-South,53.496640,-113.516960,150031
021R-69-South,53.496470,-113.516870,150032
021R-69-South,53.496350,-113.516810,150033
021R-69-South,53.496100,-113.516760,150034
021R-69-South,53.495960,-113.516740,150035
021R-69-South,53.495560,-113.516720,150036
021R-69-South,53.495000,-113.516710,150037
021R-69-South,53.494090,-113.516700,150038
021R-69-South,53.493690,-113.516690,150039
021R-69-South,53.493060,-113.516700,150040
021R-69-South,53.491990,-113.516720,150041
021R-69-South,53.491170,-113.516730,150042
021R-69-South,53.490610,-113.516730,150043
021R-69-South,53.489570,-113.516730,150044
021R-69-South,53.488300,-113.516760,150045
021R-69-South,53.488140,-113.516760,150046
021R-69-South,53.486840,-113.516760,150047
021R-69-South,53.485340,-113.516780,150048
021R-69-South,53.485260,-113.516790,160001
021R-69-South,53.484780,-113.516800,160002
021R-69-South,53.484260,-113.516780,160003
021R-69-South,53.483810,-113.516730,160004
021R-69-South,53.483290,-113.516600,160005
021R-69-South,53.482240,-113.516340,160006
021R-69-South,53.482040,-113.516290,160007
021R-69-South,53.481720,-113.516220,160008
021R-69-South,53.481360,-113.516190,160009
021R-69-South,53.481140,-113.516210,160010
021R-69-South,53.480680,-113.516270,160011
021R-69-South,53.480170,-113.516350,160012
021R-69-South,53.479890,-113.516390,160013
021R-69-South,53.479680,-113.516410,160014
021R-69-South,53.479300,-113.516410,160015
021R-69-South,53.478400,-113.516410,160016
021R-69-South,53.478070,-113.516410,160017
021R-69-South,53.477360,-113.516410,160018
021R-69-South,53.475850,-113.516400,160019
021R-69-South,53.475700,-113.516400,160020
021R-69-South,53.475100,-113.516400,160021
021R-69-South,53.472570,-113.516400,160022
021R-69-South,53.472070,-113.516400,160023
021R-69-South,53.467240,-113.516340,160024
021R-69-South,53.466080,-113.516320,160025
021R-69-South,53.465980,-113.516320,160026
021R-69-South,53.465830,-113.516320,160027
021R-69-South,53.465120,-113.516310,160028
021R-69-South,53.463970,-113.516330,160029
021R-69-South,53.463440,-113.516350,160030
021R-69-South,53.462660,-113.516370,160031
021R-69-South,53.462040,-113.516370,160032
021R-69-South,53.461240,-113.516360,160033
021R-69-South,53.461120,-113.516360,160034
021R-69-South,53.459850,-113.516350,160035
021R-69-South,53.459400,-113.516350,160036
021R-69-South,53.458590,-113.516350,160037
021R-69-South,53.458230,-113.516350,160038
021R-69-South,53.457220,-113.516340,160039
022R-27-North,53.518000,-113.525980,10001
022R-27-North,53.518440,-113.525890,10002
022R-27-North,53.518790,-113.525890,10003
022R-27-North,53.519160,-113.525800,10004
022R-27-North,53.520380,-113.525810,10005
022R-27-North,53.520390,-113.525860,20001
022R-27-North,53.520620,-113.525860,20002
022R-27-North,53.521990,-113.525860,20003
022R-27-North,53.522330,-113.525870,20004
022R-27-North,53.522510,-113.525860,20005
022R-27-North,53.522730,-113.525810,20006
022R-27-North,53.522970,-113.525720,20007
022R-27-North,53.523150,-113.525630,20008
022R-27-North,53.523380,-113.525460,20009
022R-27-North,53.523540,-113.525310,20010
022R-27-North,53.523780,-113.525030,20011
022R-27-North,53.523950,-113.524770,20012
022R-27-North,53.524110,-113.524500,20013
022R-27-North,53.524260,-113.524160,20014
022R-27-North,53.524350,-113.523930,20015
022R-27-North,53.524420,-113.523700,20016
022R-27-North,53.524550,-113.523280,20017
022R-27-North,53.524940,-113.522258,20018
022R-27-North,53.525200,-113.521180,30001
022R-27-North,53.525410,-113.520510,30002
022R-27-North,53.525680,-113.519630,30003
022R-27-North,53.525900,-113.518980,30004
022R-27-North,53.526080,-113.518500,30005
022R-27-North,53.526180,-113.518220,30006
022R-27-North,53.526310,-113.517880,30007
022R-27-North,53.526390,-113.517680,30008
022R-27-North,53.526760,-113.516810,30009
022R-27-North,53.527310,-113.515620,30010
022R-27-North,53.527370,-113.515490,30011
022R-27-North,53.527720,-113.514750,30012
022R-27-North,53.528110,-113.514010,30013
022R-27-North,53.528310,-113.513700,30014
022R-27-North,53.528580,-113.513350,30015
022R-27-North,53.528810,-113.513110,30016
022R-27-North,53.529130,-113.512830,30017
022R-27-North,53.529460,-113.512600,30018
022R-27-North,53.532450,-113.510850,30019
022R-27-North,53.532770,-113.510690,30020
022R-27-North,53.533140,-113.510500,30021
022R-27-North,53.533510,-113.510390,30022
022R-27-North,53.533940,-113.510310,30023
022R-27-North,53.534830,-113.510300,30024
022R-27-North,53.535620,-113.510290,30025
022R-27-North,53.535650,-113.510290,30026
022R-27-North,53.536296,-113.510196,30027
022R-27-North,53.536740,-113.510290,40001
022R-27-North,53.537070,-113.510290,40002
022R-27-North,53.537210,-113.510290,40003
022R-27-North,53.537520,-113.510290,40004
022R-27-North,53.538080,-113.510290,40005
022R-27-North,53.538590,-113.510290,40006
022R-27-North,53.538780,-113.510260,40007
022R-27-North,53.538980,-113.510200,40008
022R-27-North,53.539340,-113.509970,40009
022R-27-North,53.539650,-113.509630,40010
022R-27-North,53.540270,-113.508720,40011
022R-27-North,53.540500,-113.508370,40012
022R-27-North,53.540610,-113.508120,40013
022R-27-North,53.540730,-113.507810,40014
022R-27-North,53.540810,-113.507500,40015
022R-27-North,53.540921,-113.504609,40016
022R-27-North,53.540920,-113.494960,50001
022R-27-North,53.540930,-113.498330,60001
022R-27-North,53.540930,-113.497440,60002
022R-27-North,53.540930,-113.497060,60003
022R-27-North,53.540920,-113.495670,60004
022R-27-North,53.540920,-113.494000,60005
022R-27-North,53.540950,-113.493520,60006
022R-27-North,53.540980,-113.493030,60007
022R-27-North,53.541040,-113.492040,60008
022R-27-North,53.541060,-113.491720,60009
022R-27-North,53.541070,-113.491610,70001
022R-27-North,53.541120,-113.490810,70002
022R-27-North,53.541180,-113.490460,70003
022R-27-North,53.541240,-113.490200,70004
022R-27-North,53.541380,-113.489810,70005
022R-27-North,53.541490,-113.489570,70006
022R-27-North,53.541680,-113.489290,70007
022R-27-North,53.541850,-113.489110,70008
022R-27-North,53.542050,-113.488950,70009
022R-27-North,53.542290,-113.488820,70010
022R-27-North,53.542580,-113.488770,70011
022R-27-North,53.542810,-113.488790,70012
022R-27-North,53.542970,-113.488840,70013
022R-27-North,53.543510,-113.488930,70014
022R-27-North,53.543760,-113.488980,70015
022R-27-North,53.544890,-113.489180,80001
022R-27-North,53.545810,-113.489350,80002
022R-27-North,53.545980,-113.489390,80003
022R-27-North,53.546090,-113.489430,80004
022R-27-North,53.546240,-113.489500,80005
022R-27-North,53.546400,-113.489590,80006
022R-27-North,53.546590,-113.489720,80007
022R-27-North,53.546780,-113.489880,80008
022R-27-North,53.546990,-113.490110,80009
022R-27-North,53.547180,-113.490360,80010
022R-27-North,53.547320,-113.490600,80011
022R-27-North,53.547430,-113.490860,80012
022R-27-North,53.547520,-113.491120,80013
022R-27-North,53.547610,-113.491470,80014
022R-27-North,53.547670,-113.491890,80015
022R-27-North,53.547700,-113.492200,80016
022R-27-North,53.547700,-113.492410,80017
022R-27-North,53.547690,-113.492810,80018
022R-27-North,53.547670,-113.493120,80019
022R-27-North,53.547660,-113.493400,80020
022R-27-North,53.547650,-113.493570,80021
022R-27-North,53.547650,-113.493820,80022
022R-27-North,53.547640,-113.494230,80023
022R-27-North,53.547640,-113.496510,80024
022R-27-North,53.547640,-113.496900,80025
022R-27-North,53.547650,-113.497260,80026
022R-27-North,53.547670,-113.497650,80027
022R-27-North,53.547790,-113.499180,80028
022R-27-North,53.547710,-113.498180,90001
022R-27-North,53.547810,-113.499740,90002
022R-27-North,53.547820,-113.499890,90003
022R-27-North,53.547850,-113.500070,90004
022R-27-North,53.547890,-113.500250,90005
022R-27-North,53.547940,-113.500420,90006
022R-27-North,53.548010,-113.500570,90007
022R-27-North,53.548080,-113.500690,90008
022R-27-North,53.548170,-113.500820,90009
022R-27-North,53.548260,-113.500920,90010
022R-27-North,53.548330,-113.500970,90011
022R-27-North,53.548350,-113.500980,90012
022R-27-North,53.548410,-113.501020,90013
022R-27-North,53.548480,-113.501050,90014
022R-27-North,53.548570,-113.501080,90015
022R-27-North,53.548660,-113.501090,90016
022R-27-North,53.548750,-113.501080,90017
022R-27-North,53.549820,-113.501080,90018
022R-27-North,53.551410,-113.501080,90019
022R-27-North,53.552080,-113.501080,90020
022R-27-North,53.552250,-113.501070,90021
022R-27-North,53.552380,-113.501060,90022
022R-27-North,53.552530,-113.501010,90023
022R-27-North,53.552680,-113.500920,90024
022R-27-North,53.552820,-113.500790,90025
022R-27-North,53.552930,-113.500660,90026
022R-27-North,53.553040,-113.500490,90027
022R-27-North,53.553310,-113.499990,90028
022R-27-North,53.553400,-113.499830,90029
022R-27-North,53.553490,-113.499680,90030
022R-27-North,53.553600,-113.499530,90031
022R-27-North,53.553730,-113.499390,90032
022R-27-North,53.553860,-113.499310,90033
022R-27-North,53.554000,-113.499240,90034
022R-27-North,53.554130,-113.499210,90035
022R-27-North,53.554250,-113.499200,90036
022R-27-North,53.554370,-113.499200,90037
022R-27-North,53.556030,-113.499200,90038
022R-27-North,53.556150,-113.499200,90039
022R-27-North,53.556280,-113.499220,90040
022R-27-North,53.556390,-113.499250,90041
022R-27-North,53.556500,-113.499290,90042
022R-27-North,53.556590,-113.499340,90043
022R-27-North,53.556690,-113.499410,90044
022R-27-North,53.556780,-113.499480,90045
022R-27-North,53.556850,-113.499550,90046
022R-27-North,53.556870,-113.499570,90047
022R-27-North,53.556950,-113.499670,90048
022R-27-North,53.557050,-113.499800,90049
022R-27-North,53.557140,-113.499950,90050
022R-27-North,53.557270,-113.500190,90051
022R-27-North,53.557710,-113.501000,90052
022R-27-North,53.558230,-113.501970,90053
022R-27-North,53.558350,-113.502170,90054
022R-27-North,53.558440,-113.502300,100001
022R-27-North,53.558530,-113.502410,100002
022R-27-North,53.558670,-113.502530,100003
022R-27-North,53.558800,-113.502620,100004
022R-27-North,53.558850,-113.502650,100005
022R-27-North,53.558920,-113.502680,100006
022R-27-North,53.558970,-113.502710,100007
022R-27-North,53.559010,-113.502720,100008
022R-27-North,53.559130,-113.502750,100009
022R-27-North,53.559230,-113.502760,100010
022R-27-North,53.559360,-113.502760,100011
022R-27-North,53.560170,-113.502760,100012
022R-27-North,53.560370,-113.502770,100013
022R-27-North,53.560570,-113.502800,100014
022R-27-North,53.560790,-113.502850,100015
022R-27-North,53.561040,-113.502930,100016
022R-27-North,53.561380,-113.503030,100017
022R-27-North,53.561530,-113.503080,100018
022R-27-North,53.561700,-113.503120,100019
022R-27-North,53.561870,-113.503150,100020
022R-27-North,53.562050,-113.503170,100021
022R-27-North,53.562370,-113.503180,100022
022R-27-North,53.564260,-113.503180,100023
022R-27-North,53.564410,-113.503180,100024
022R-27-North,53.564540,-113.503170,100025
022R-27-North,53.564680,-113.503150,100026
022R-27-North,53.564810,-113.503140,100027
022R-27-North,53.564920,-113.503120,100028
022R-27-North,53.565020,-113.503120,100029
022R-27-North,53.565150,-113.503130,100030
022R-27-North,53.565230,-113.503160,100031
022R-27-North,53.565260,-113.503170,100032
022R-27-North,53.565360,-113.503220,100033
022R-27-North,53.565450,-113.503290,100034
022R-27-North,53.565520,-113.503360,100035
022R-27-North,53.565560,-113.503400,100036
022R-27-North,53.565660,-113.503530,100037
022R-27-North,53.565760,-113.503710,100038
022R-27-North,53.565840,-113.503900,100039
022R-27-North,53.565880,-113.504050,100040
022R-27-North,53.565900,-113.504110,100041
022R-27-North,53.565930,-113.504240,100042
022R-27-North,53.565950,-113.504350,100043
022R-27-North,53.565970,-113.504540,100044
022R-27-North,53.565980,-113.504880,100045
022R-27-North,53.565980,-113.506110,100046
022R-27-North,53.565980,-113.506711,100047
022R-27-North,53.566063,-113.507558,100048
022R-27-North,53.566203,-113.507977,100049
022R-27-North,53.566445,-113.508395,100050
022R-27-North,53.567299,-113.509629,100051
022R-82-South,53.566445,-113.508395,10001
022R-82-South,53.566203,-113.507977,10002
022R-82-South,53.566063,-113.507558,10003
022R-82-South,53.565980,-113.506711,10004
022R-82-South,53.565980,-113.506110,10005
022R-82-South,53.565980,-113.504880,10006
022R-82-South,53.565970,-113.504540,10007
022R-82-South,53.565950,-113.504350,10008
022R-82-South,53.565930,-113.504240,10009
022R-82-South,53.565900,-113.504110,10010
022R-82-South,53.565880,-113.504050,10011
022R-82-South,53.565840,-113.503900,10012
022R-82-South,53.565760,-113.503710,10013
022R-82-South,53.565660,-113.503530,10014
022R-82-South,53.565560,-113.503400,10015
022R-82-South,53.565520,-113.503360,10016
022R-82-South,53.565450,-113.503290,10017
022R-82-South,53.565360,-113.503220,10018
022R-82-South,53.565260,-113.503170,10019
022R-82-South,53.565230,-113.503160,10020
022R-82-South,53.565150,-113.503130,10021
022R-82-South,53.565020,-113.503120,10022
022R-82-South,53.564920,-113.503120,10023
022R-82-South,53.564810,-113.503140,10024
022R-82-South,53.564680,-113.503150,10025
022R-82-South,53.564540,-113.503170,10026
022R-82-South,53.564410,-113.503180,10027
022R-82-South,53.564260,-113.503180,10028
022R-82-South,53.562370,-113.503180,10029
022R-82-South,53.562050,-113.503170,10030
022R-82-South,53.561870,-113.503150,10031
022R-82-South,53.561700,-113.503120,10032
022R-82-South,53.561530,-113.503080,10033
022R-82-South,53.561380,-113.503030,10034
022R-82-South,53.561040,-113.502930,10035
022R-82-South,53.560790,-113.502850,10036
022R-82-South,53.560570,-113.502800,10037
022R-82-South,53.560370,-113.502770,10038
022R-82-South,53.560170,-113.502760,10039
022R-82-South,53.559360,-113.502760,10040
022R-82-South,53.559230,-113.502760,10041
022R-82-South,53.559130,-113.502750,10042
022R-82-South,53.559010,-113.502720,10043
022R-82-South,53.558970,-113.502710,10044
022R-82-South,53.558920,-113.502680,10045
022R-82-South,53.558850,-113.502650,10046
022R-82-South,53.558800,-113.502620,10047
022R-82-South,53.558670,-113.502530,10048
022R-82-South,53.558530,-113.502410,10049
022R-82-South,53.558440,-113.502300,10050
022R-82-South,53.558350,-113.502170,10051
022R-82-South,53.558230,-113.501970,10052
022R-82-South,53.557720,-113.501020,10053
022R-82-South,53.557270,-113.500190,10054
022R-82-South,53.557140,-113.499950,20001
022R-82-South,53.557050,-113.499800,20002
022R-82-South,53.556950,-113.499670,20003
022R-82-South,53.556870,-113.499570,20004
022R-82-South,53.556850,-113.499550,20005
022R-82-South,53.556780,-113.499480,20006
022R-82-South,53.556690,-113.499410,20007
022R-82-South,53.556590,-113.499340,20008
022R-82-South,53.556500,-113.499290,20009
022R-82-South,53.556390,-113.499250,20010
022R-82-South,53.556280,-113.499220,20011
022R-82-South,53.556150,-113.499200,20012
022R-82-South,53.556030,-113.499200,20013
022R-82-South,53.554370,-113.499200,20014
022R-82-South,53.554250,-113.499200,20015
022R-82-South,53.554130,-113.499210,20016
022R-82-South,53.554000,-113.499240,20017
022R-82-South,53.553860,-113.499310,20018
022R-82-South,53.553730,-113.499390,20019
022R-82-South,53.553600,-113.499530,20020
022R-82-South,53.553490,-113.499680,20021
022R-82-South,53.553400,-113.499830,20022
022R-82-South,53.553310,-113.499990,20023
022R-82-South,53.553040,-113.500490,20024
022R-82-South,53.552930,-113.500660,20025
022R-82-South,53.552820,-113.500790,20026
022R-82-South,53.552680,-113.500920,20027
022R-82-South,53.552530,-113.501010,20028
022R-82-South,53.552380,-113.501060,20029
022R-82-South,53.552250,-113.501070,20030
022R-82-South,53.552080,-113.501080,20031
022R-82-South,53.551410,-113.501080,20032
022R-82-South,53.549820,-113.501080,20033
022R-82-South,53.548750,-113.501080,20034
022R-82-South,53.548660,-113.501090,20035
022R-82-South,53.548570,-113.501080,20036
022R-82-South,53.548480,-113.501050,20037
022R-82-South,53.548410,-113.501020,20038
022R-82-South,53.548350,-113.500980,20039
022R-82-South,53.548330,-113.500970,20040
022R-82-South,53.548260,-113.500920,20041
022R-82-South,53.548170,-113.500820,20042
022R-82-South,53.548080,-113.500690,20043
022R-82-South,53.548010,-113.500570,20044
022R-82-South,53.547940,-113.500420,20045
022R-82-South,53.547890,-113.500250,20046
022R-82-South,53.547850,-113.500070,20047
022R-82-South,53.547820,-113.499890,20048
022R-82-South,53.547810,-113.499740,20049
022R-82-South,53.547710,-113.498180,20050
022R-82-South,53.547670,-113.497650,30001
022R-82-South,53.547650,-113.497260,30002
022R-82-South,53.547640,-113.496900,30003
022R-82-South,53.547640,-113.496510,30004
022R-82-South,53.547640,-113.494230,30005
022R-82-South,53.547650,-113.493820,30006
022R-82-South,53.547650,-113.493570,30007
022R-82-South,53.547660,-113.493400,30008
022R-82-South,53.547670,-113.493120,30009
022R-82-South,53.547690,-113.492810,30010
022R-82-South,53.547700,-113.492410,30011
022R-82-South,53.547700,-113.492200,30012
022R-82-South,53.547670,-113.491890,30013
022R-82-South,53.547610,-113.491470,30014
022R-82-South,53.547520,-113.491120,30015
022R-82-South,53.547430,-113.490860,30016
022R-82-South,53.547320,-113.490600,30017
022R-82-South,53.547180,-113.490360,30018
022R-82-South,53.546990,-113.490110,30019
022R-82-South,53.546780,-113.489880,30020
022R-82-South,53.546590,-113.489720,30021
022R-82-South,53.546400,-113.489590,30022
022R-82-South,53.546240,-113.489500,30023
022R-82-South,53.546090,-113.489430,30024
022R-82-South,53.545980,-113.489390,30025
022R-82-South,53.545810,-113.489350,30026
022R-82-South,53.544890,-113.489180,30027
022R-82-South,53.544320,-113.489080,30028
022R-82-South,53.543510,-113.488930,40001
022R-82-South,53.542970,-113.488840,40002
022R-82-South,53.542810,-113.488790,40003
022R-82-South,53.542580,-113.488770,40004
022R-82-South,53.542290,-113.488820,40005
022R-82-South,53.542050,-113.488950,40006
022R-82-South,53.541850,-113.489110,40007
022R-82-South,53.541680,-113.489290,40008
022R-82-South,53.541490,-113.489570,40009
022R-82-South,53.541380,-113.489810,40010
022R-82-South,53.541240,-113.490200,40011
022R-82-South,53.541180,-113.490460,40012
022R-82-South,53.541120,-113.490810,40013
022R-82-South,53.541070,-113.491610,40014
022R-82-South,53.541050,-113.491960,40015
022R-82-South,53.540930,-113.498210,50001
022R-82-South,53.540920,-113.499130,60001
022R-82-South,53.540930,-113.501070,60002
022R-82-South,53.540940,-113.502970,60003
022R-82-South,53.540940,-113.503870,60004
022R-82-South,53.540940,-113.504530,60005
022R-82-South,53.540950,-113.505770,70002
022R-82-South,53.540950,-113.506340,70003
022R-82-South,53.540940,-113.506690,70004
022R-82-South,53.540880,-113.507180,70005
022R-82-South,53.540810,-113.507500,70006
022R-82-South,53.540730,-113.507810,70007
022R-82-South,53.540610,-113.508120,70008
022R-82-South,53.540500,-113.508370,70009
022R-82-South,53.540270,-113.508720,70010
022R-82-South,53.539650,-113.509630,70011
022R-82-South,53.539340,-113.509970,70012
022R-82-South,53.538980,-113.510200,70013
022R-82-South,53.538780,-113.510260,70014
022R-82-South,53.538590,-113.510290,70015
022R-82-South,53.538080,-113.510290,70016
022R-82-South,53.537520,-113.510290,70017
022R-82-South,53.537210,-113.510290,70018
022R-82-South,53.537070,-113.510290,70019
022R-82-South,53.536740,-113.510290,70020
022R-82-South,53.536180,-113.510290,70021
022R-82-South,53.535650,-113.510290,80001
022R-82-South,53.535620,-113.510290,80002
022R-82-South,53.534830,-113.510300,80003
022R-82-South,53.533940,-113.510310,80004
022R-82-South,53.533510,-113.510390,80005
022R-82-South,53.533140,-113.510500,80006
022R-82-South,53.532770,-113.510690,80007
022R-82-South,53.532450,-113.510850,80008
022R-82-South,53.529460,-113.512600,80009
022R-82-South,53.529130,-113.512830,80010
022R-82-South,53.528810,-113.513110,80011
022R-82-South,53.528580,-113.513350,80012
022R-82-South,53.528310,-113.513700,80013
022R-82-South,53.528110,-113.514010,80014
022R-82-South,53.527720,-113.514750,80015
022R-82-South,53.527370,-113.515490,80016
022R-82-South,53.527310,-113.515620,80017
022R-82-South,53.526760,-113.516810,80018
022R-82-South,53.526390,-113.517680,80019
022R-82-South,53.526310,-113.517880,80020
022R-82-South,53.526180,-113.518220,80021
022R-82-South,53.526080,-113.518500,80022
022R-82-South,53.525900,-113.518980,80023
022R-82-South,53.525680,-113.519630,80024
022R-82-South,53.525410,-113.520510,80025
022R-82-South,53.525200,-113.521180,80026
022R-82-South,53.525100,-113.521510,80027
022R-82-South,53.524550,-113.523280,90001
022R-82-South,53.524420,-113.523700,90002
022R-82-South,53.524350,-113.523930,90003
022R-82-South,53.524260,-113.524160,90004
022R-82-South,53.524110,-113.524500,90005
022R-82-South,53.523950,-113.524770,90006
022R-82-South,53.523780,-113.525030,90007
022R-82-South,53.523540,-113.525310,90008
022R-82-South,53.523380,-113.525460,90009
022R-82-South,53.523150,-113.525630,90010
022R-82-South,53.522970,-113.525720,90011
022R-82-South,53.522730,-113.525810,90012
022R-82-South,53.522510,-113.525860,90013
022R-82-South,53.522330,-113.525870,90014
022R-82-South,53.521990,-113.525860,90015
022R-82-South,53.520620,-113.525860,90016
022R-82-South,53.519940,-113.525860,90017
022R-82-South,53.520390,-113.525860,100001
022R-82-South,53.519130,-113.525980,100002
022R-82-South,53.518440,-113.525890,100003
022R-82-South,53.518000,-113.525980,100004
023R-18-North,53.458414,-113.430667,10001
023R-18-North,53.458425,-113.430773,10002
023R-18-North,53.458348,-113.430876,10003
023R-18-North,53.458311,-113.431160,10004
023R-18-North,53.458285,-113.431404,10005
023R-18-North,53.458278,-113.431522,10006
023R-18-North,53.458231,-113.433159,10007
023R-18-North,53.458234,-113.433290,10008
023R-18-North,53.458250,-113.433426,10009
023R-18-North,53.458278,-113.433549,10010
023R-18-North,53.458317,-113.433663,10011
023R-18-North,53.458367,-113.433768,10012
023R-18-North,53.458423,-113.433852,10013
023R-18-North,53.458503,-113.433936,10014
023R-18-North,53.458580,-113.433988,10015
023R-18-North,53.458652,-113.434015,10016
023R-18-North,53.458735,-113.434024,10017
023R-18-North,53.459374,-113.434002,10018
023R-18-North,53.459735,-113.434000,10019
023R-18-North,53.460049,-113.434010,10020
023R-18-North,53.460334,-113.434028,10021
023R-18-North,53.460664,-113.434061,10022
023R-18-North,53.460935,-113.434096,10023
023R-18-North,53.461330,-113.434162,10024
023R-18-North,53.461635,-113.434225,10025
023R-18-North,53.461948,-113.434301,10026
023R-18-North,53.462345,-113.434413,20001
023R-18-North,53.462544,-113.434476,20002
023R-18-North,53.462728,-113.434538,20003
023R-18-North,53.462910,-113.434604,20004
023R-18-North,53.463140,-113.434692,20005
023R-18-North,53.463440,-113.434817,20006
023R-18-North,53.463715,-113.434940,20007
023R-18-North,53.471001,-113.438268,20008
023R-18-North,53.471219,-113.438364,20009
023R-18-North,53.471394,-113.438433,20010
023R-18-North,53.471609,-113.438503,20011
023R-18-North,53.471904,-113.438577,20012
023R-18-North,53.472698,-113.438761,20013
023R-18-North,53.472836,-113.438792,20014
023R-18-North,53.472965,-113.438816,20015
023R-18-North,53.473161,-113.438840,20016
023R-18-North,53.473377,-113.438852,20017
023R-18-North,53.474163,-113.438882,20018
023R-18-North,53.474401,-113.438899,20019
023R-18-North,53.474617,-113.438920,30001
023R-18-North,53.475424,-113.439005,30002
023R-18-North,53.475582,-113.439022,30003
023R-18-North,53.475813,-113.439057,30004
023R-18-North,53.476115,-113.439148,30005
023R-18-North,53.476357,-113.439261,30006
023R-18-North,53.476592,-113.439408,30007
023R-18-North,53.476794,-113.439566,30008
023R-18-North,53.476982,-113.439742,30009
023R-18-North,53.477173,-113.439948,30010
023R-18-North,53.477378,-113.440196,30011
023R-18-North,53.478008,-113.440975,30012
023R-18-North,53.478201,-113.441211,30013
023R-18-North,53.478446,-113.441480,30014
023R-18-North,53.478688,-113.441708,30015
023R-18-North,53.478961,-113.441924,30016
023R-18-North,53.479154,-113.442053,30017
023R-18-North,53.479349,-113.442166,30018
023R-18-North,53.479498,-113.442240,30019
023R-18-North,53.479763,-113.442347,30020
023R-18-North,53.480041,-113.442426,30021
023R-18-North,53.480387,-113.442480,30022
023R-18-North,53.480766,-113.442491,30023
023R-18-North,53.482431,-113.442484,30024
023R-18-North,53.482890,-113.442462,30025
023R-18-North,53.483264,-113.442425,30026
023R-18-North,53.483752,-113.442355,30027
023R-18-North,53.483988,-113.442322,30028
023R-18-North,53.484264,-113.442292,30029
023R-18-North,53.484839,-113.442249,30030
023R-18-North,53.485536,-113.442198,30031
023R-18-North,53.485763,-113.442183,30032
023R-18-North,53.485963,-113.442180,30033
023R-18-North,53.486123,-113.442187,30034
023R-18-North,53.489341,-113.442404,30035
023R-18-North,53.489579,-113.442411,30036
023R-18-North,53.490474,-113.442407,30037
023R-18-North,53.491283,-113.442404,30038
023R-18-North,53.495147,-113.442410,30039
023R-18-North,53.497000,-113.442412,30040
023R-18-North,53.497206,-113.442409,30041
023R-18-North,53.497472,-113.442401,30042
023R-18-North,53.497888,-113.442380,30043
023R-18-North,53.498029,-113.442379,30044
023R-18-North,53.498159,-113.442390,30045
023R-18-North,53.498279,-113.442420,30046
023R-18-North,53.498397,-113.442479,30047
023R-18-North,53.498503,-113.442557,30048
023R-18-North,53.498596,-113.442650,30049
023R-18-North,53.499429,-113.443660,30050
023R-18-North,53.499469,-113.443694,40001
023R-18-North,53.500230,-113.444608,40002
023R-18-North,53.501119,-113.445679,40003
023R-18-North,53.501210,-113.445806,40004
023R-18-North,53.501304,-113.445962,40005
023R-18-North,53.501360,-113.446082,40006
023R-18-North,53.501423,-113.446257,40007
023R-18-North,53.501468,-113.446424,40008
023R-18-North,53.501503,-113.446620,40009
023R-18-North,53.501522,-113.446813,40010
023R-18-North,53.501526,-113.447049,40011
023R-18-North,53.501363,-113.448402,40012
023R-18-North,53.501342,-113.448637,40013
023R-18-North,53.501332,-113.448879,40014
023R-18-North,53.501336,-113.449089,40015
023R-18-North,53.501353,-113.449305,40016
023R-18-North,53.501384,-113.449522,40017
023R-18-North,53.501422,-113.449705,40018
023R-18-North,53.501491,-113.449951,40019
023R-18-North,53.501574,-113.450171,40020
023R-18-North,53.501661,-113.450351,40021
023R-18-North,53.501772,-113.450547,40022
023R-18-North,53.501894,-113.450735,40023
023R-18-North,53.504155,-113.454193,40024
023R-18-North,53.504287,-113.454362,40025
023R-18-North,53.504416,-113.454507,40026
023R-18-North,53.504539,-113.454626,40027
023R-18-North,53.504655,-113.454721,40028
023R-18-North,53.504832,-113.454842,40029
023R-18-North,53.504913,-113.454888,40030
023R-18-North,53.505009,-113.454933,40031
023R-18-North,53.505126,-113.454979,40032
023R-18-North,53.505242,-113.455014,40033
023R-18-North,53.505362,-113.455037,40034
023R-18-North,53.505502,-113.455055,40035
023R-18-North,53.508414,-113.455093,40036
023R-18-North,53.509223,-113.455103,40037
023R-18-North,53.509392,-113.455104,50001
023R-18-North,53.509567,-113.455106,50002
023R-18-North,53.510376,-113.455116,50003
023R-18-North,53.517271,-113.455125,50004
023R-18-North,53.517385,-113.455135,50005
023R-18-North,53.517497,-113.455153,50006
023R-18-North,53.517613,-113.455182,50007
023R-18-North,53.517713,-113.455215,50008
023R-18-North,53.517833,-113.455265,50009
023R-18-North,53.518212,-113.455413,50010
023R-18-North,53.518323,-113.455442,50011
023R-18-North,53.518389,-113.455454,50012
023R-18-North,53.518482,-113.455464,50013
023R-18-North,53.518588,-113.455466,50014
023R-18-North,53.518723,-113.455463,50015
023R-18-North,53.519011,-113.455449,60001
023R-18-North,53.519819,-113.455412,60002
023R-18-North,53.522311,-113.455299,60003
023R-18-North,53.522466,-113.455294,60004
023R-18-North,53.522584,-113.455294,60005
023R-18-North,53.522717,-113.455297,60006
023R-18-North,53.522842,-113.455304,60007
023R-18-North,53.522983,-113.455331,60008
023R-18-North,53.523123,-113.455374,60009
023R-18-North,53.523233,-113.455421,60010
023R-18-North,53.523370,-113.455495,60011
023R-18-North,53.523469,-113.455560,60012
023R-18-North,53.523580,-113.455645,60013
023R-18-North,53.523697,-113.455747,60014
023R-18-North,53.524608,-113.456632,60015
023R-18-North,53.524761,-113.456778,60016
023R-18-North,53.524912,-113.456913,60017
023R-18-North,53.525059,-113.457031,60018
023R-18-North,53.525228,-113.457143,60019
023R-18-North,53.525361,-113.457217,60020
023R-18-North,53.525485,-113.457274,60021
023R-18-North,53.525630,-113.457328,60022
023R-18-North,53.525778,-113.457369,60023
023R-18-North,53.525951,-113.457398,60024
023R-18-North,53.526146,-113.457414,60025
023R-18-North,53.526331,-113.457417,60026
023R-18-North,53.526771,-113.457421,60027
023R-18-North,53.527580,-113.457429,60028
023R-18-North,53.527730,-113.457430,70001
023R-18-North,53.527896,-113.457432,70002
023R-18-North,53.528704,-113.457440,70003
023R-18-North,53.530303,-113.457448,70004
023R-18-North,53.530469,-113.457446,70005
023R-18-North,53.530554,-113.457442,70006
023R-18-North,53.530659,-113.457433,70007
023R-18-North,53.530780,-113.457419,70008
023R-18-North,53.530927,-113.457401,70009
023R-18-North,53.531080,-113.457383,70010
023R-18-North,53.531234,-113.457370,70011
023R-18-North,53.531349,-113.457366,70012
023R-18-North,53.531421,-113.457368,70013
023R-18-North,53.531476,-113.457377,70014
023R-18-North,53.531538,-113.457396,70015
023R-18-North,53.531572,-113.457417,70016
023R-18-North,53.531602,-113.457442,70017
023R-18-North,53.531633,-113.457474,70018
023R-18-North,53.531671,-113.457526,70019
023R-18-North,53.531717,-113.457615,70020
023R-18-North,53.531747,-113.457707,70021
023R-18-North,53.531766,-113.457804,70022
023R-18-North,53.531775,-113.457906,70023
023R-18-North,53.531777,-113.458050,70024
023R-18-North,53.531771,-113.460406,70025
023R-18-North,53.531770,-113.460540,70026
023R-18-North,53.531768,-113.460642,70027
023R-18-North,53.531766,-113.460727,70028
023R-18-North,53.531763,-113.460847,70029
023R-18-North,53.531742,-113.461456,70030
023R-18-North,53.531737,-113.461640,70031
023R-18-North,53.531735,-113.461747,70032
023R-18-North,53.531733,-113.462319,70033
023R-18-North,53.531733,-113.462319,80001
023R-18-North,53.531729,-113.463676,80002
023R-18-North,53.531709,-113.470504,80003
023R-18-North,53.531712,-113.470633,80004
023R-18-North,53.531719,-113.470756,80005
023R-18-North,53.531736,-113.470913,80006
023R-18-North,53.531759,-113.471053,80007
023R-18-North,53.531792,-113.471209,80008
023R-18-North,53.531842,-113.471382,80009
023R-18-North,53.531905,-113.471552,80010
023R-18-North,53.532159,-113.472163,80011
023R-18-North,53.532234,-113.472353,80012
023R-18-North,53.532311,-113.472558,80013
023R-18-North,53.532380,-113.472753,80014
023R-18-North,53.532457,-113.472983,80015
023R-18-North,53.532489,-113.473080,80016
023R-18-North,53.532570,-113.473341,80017
023R-18-North,53.532666,-113.473681,80018
023R-18-North,53.532734,-113.473950,80019
023R-18-North,53.532794,-113.474212,80020
023R-18-North,53.532848,-113.474470,80021
023R-18-North,53.532908,-113.474798,80022
023R-18-North,53.532952,-113.475078,80023
023R-18-North,53.532988,-113.475332,80024
023R-18-North,53.533022,-113.475627,80025
023R-18-North,53.533049,-113.475906,80026
023R-18-North,53.533068,-113.476150,80027
023R-18-North,53.533081,-113.476360,80028
023R-18-North,53.533095,-113.476680,80029
023R-18-North,53.533102,-113.477103,80030
023R-18-North,53.533104,-113.479555,80031
023R-18-North,53.533116,-113.479812,80032
023R-18-North,53.533160,-113.480107,80033
023R-18-North,53.533224,-113.480353,80034
023R-18-North,53.533311,-113.480583,80035
023R-18-North,53.533419,-113.480785,80036
023R-18-North,53.533563,-113.480976,80037
023R-18-North,53.533693,-113.481098,80038
023R-18-North,53.533832,-113.481186,80039
023R-18-North,53.533966,-113.481236,80040
023R-18-North,53.534113,-113.481256,80041
023R-18-North,53.534253,-113.481241,80042
023R-18-North,53.535372,-113.480992,80043
023R-18-North,53.535487,-113.480953,80044
023R-18-North,53.535590,-113.480895,80045
023R-18-North,53.535699,-113.480807,80046
023R-18-North,53.535775,-113.480725,80047
023R-18-North,53.535851,-113.480624,80048
023R-18-North,53.535930,-113.480490,80049
023R-18-North,53.536180,-113.480011,80050
023R-18-North,53.536180,-113.480011,90001
023R-18-North,53.536713,-113.478989,90002
023R-18-North,53.537138,-113.478175,90003
023R-18-North,53.537251,-113.477976,90004
023R-18-North,53.537327,-113.477861,90005
023R-18-North,53.537414,-113.477745,90006
023R-18-North,53.537481,-113.477665,90007
023R-18-North,53.537567,-113.477573,90008
023R-18-North,53.537662,-113.477484,90009
023R-18-North,53.537757,-113.477407,90010
023R-18-North,53.537863,-113.477334,90011
023R-18-North,53.537968,-113.477275,90012
023R-18-North,53.538102,-113.477216,90013
023R-18-North,53.538191,-113.477187,90014
023R-18-North,53.538334,-113.477156,90015
023R-18-North,53.538478,-113.477145,90016
023R-18-North,53.541574,-113.477112,90017
023R-18-North,53.541764,-113.477109,90018
023R-18-North,53.541978,-113.477122,90019
023R-18-North,53.542132,-113.477149,90020
023R-18-North,53.542279,-113.477190,90021
023R-18-North,53.542452,-113.477257,90022
023R-18-North,53.542600,-113.477331,90023
023R-18-North,53.544587,-113.478435,90024
023R-18-North,53.544698,-113.478513,90025
023R-18-North,53.544771,-113.478585,90026
023R-18-North,53.544866,-113.478711,90027
023R-18-North,53.544957,-113.478880,90028
023R-18-North,53.545028,-113.479070,90029
023R-18-North,53.545078,-113.479282,90030
023R-18-North,53.545108,-113.479534,90031
023R-18-North,53.545108,-113.479771,90032
023R-18-North,53.545081,-113.480007,90033
023R-18-North,53.544684,-113.482309,90034
023R-18-North,53.544581,-113.482895,90035
023R-18-North,53.544551,-113.483511,90036
023R-18-North,53.544551,-113.483511,100001
023R-18-North,53.544356,-113.484199,100002
023R-18-North,53.543965,-113.486448,100003
023R-18-North,53.543942,-113.486562,100004
023R-18-North,53.543899,-113.486761,100005
023R-18-North,53.543684,-113.487720,100006
023R-18-North,53.543641,-113.487919,100007
023R-18-North,53.543620,-113.488021,100008
023R-18-North,53.543606,-113.488104,100009
023R-18-North,53.543583,-113.488253,100010
023R-18-North,53.543559,-113.488451,100011
023R-18-North,53.543540,-113.488686,100012
023R-18-North,53.543512,-113.489121,100013
023R-18-North,53.543467,-113.489841,100014
023R-18-North,53.543467,-113.489841,110001
023R-18-North,53.543427,-113.490471,110002
023R-18-North,53.543277,-113.492825,110003
023R-18-North,53.543250,-113.493302,110004
023R-18-North,53.543092,-113.495436,110005
023R-43-South,53.543092,-113.495436,10001
023R-43-South,53.543250,-113.493302,10002
023R-43-South,53.543277,-113.492825,10003
023R-43-South,53.543427,-113.490471,10004
023R-43-South,53.543467,-113.489841,10005
023R-43-South,53.543512,-113.489121,20001
023R-43-South,53.543540,-113.488686,20002
023R-43-South,53.543559,-113.488451,20003
023R-43-South,53.543583,-113.488253,20004
023R-43-South,53.543606,-113.488104,20005
023R-43-South,53.543620,-113.488021,20006
023R-43-South,53.543641,-113.487919,20007
023R-43-South,53.543684,-113.487720,20008
023R-43-South,53.543899,-113.486761,20009
023R-43-South,53.543942,-113.486562,20010
023R-43-South,53.543965,-113.486448,20011
023R-43-South,53.544356,-113.484199,20012
023R-43-South,53.544581,-113.482895,20013
023R-43-South,53.544684,-113.482309,30001
023R-43-South,53.545081,-113.480007,30002
023R-43-South,53.545108,-113.479771,30003
023R-43-South,53.545108,-113.479534,30004
023R-43-South,53.545078,-113.479282,30005
023R-43-South,53.545028,-113.479070,30006
023R-43-South,53.544957,-113.478880,30007
023R-43-South,53.544866,-113.478711,30008
023R-43-South,53.544771,-113.478585,30009
023R-43-South,53.544698,-113.478513,30010
023R-43-South,53.544587,-113.478435,30011
023R-43-South,53.542600,-113.477331,30012
023R-43-South,53.542452,-113.477257,30013
023R-43-South,53.542279,-113.477190,30014
023R-43-South,53.542132,-113.477149,30015
023R-43-South,53.541978,-113.477122,30016
023R-43-South,53.541764,-113.477109,30017
023R-43-South,53.541574,-113.477112,30018
023R-43-South,53.538478,-113.477145,30019
023R-43-South,53.538334,-113.477156,30020
023R-43-South,53.538191,-113.477187,30021
023R-43-South,53.538102,-113.477216,30022
023R-43-South,53.537968,-113.477275,30023
023R-43-South,53.537863,-113.477334,30024
023R-43-South,53.537757,-113.477407,30025
023R-43-South,53.537662,-113.477484,30026
023R-43-South,53.537567,-113.477573,30027
023R-43-South,53.537481,-113.477665,30028
023R-43-South,53.537414,-113.477745,30029
023R-43-South,53.537327,-113.477861,30030
023R-43-South,53.537251,-113.477976,30031
023R-43-South,53.537138,-113.478175,30032
023R-43-South,53.536713,-113.478989,30033
023R-43-South,53.536180,-113.480011,30034
023R-43-South,53.535930,-113.480490,40001
023R-43-South,53.535851,-113.480624,40002
023R-43-South,53.535775,-113.480725,40003
023R-43-South,53.535699,-113.480807,40004
023R-43-South,53.535590,-113.480895,40005
023R-43-South,53.535487,-113.480953,40006
023R-43-South,53.535372,-113.480992,40007
023R-43-South,53.534253,-113.481241,40008
023R-43-South,53.534113,-113.481256,40009
023R-43-South,53.533966,-113.481236,40010
023R-43-South,53.533832,-113.481186,40011
023R-43-South,53.533693,-113.481098,40012
023R-43-South,53.533563,-113.480976,40013
023R-43-South,53.533419,-113.480785,40014
023R-43-South,53.533311,-113.480583,40015
023R-43-South,53.533224,-113.480353,40016
023R-43-South,53.533160,-113.480107,40017
023R-43-South,53.533116,-113.479812,40018
023R-43-South,53.533104,-113.479555,40019
023R-43-South,53.533102,-113.477103,40020
023R-43-South,53.533095,-113.476680,40021
023R-43-South,53.533081,-113.476360,40022
023R-43-South,53.533068,-113.476150,40023
023R-43-South,53.533049,-113.475906,40024
023R-43-South,53.533022,-113.475627,40025
023R-43-South,53.532988,-113.475332,40026
023R-43-South,53.532952,-113.475078,40027
023R-43-South,53.532908,-113.474798,40028
023R-43-South,53.532848,-113.474470,40029
023R-43-South,53.532794,-113.474212,40030
023R-43-South,53.532734,-113.473950,40031
023R-43-South,53.532666,-113.473681,40032
023R-43-South,53.532570,-113.473341,40033
023R-43-South,53.532489,-113.473080,40034
023R-43-South,53.532457,-113.472983,40035
023R-43-South,53.532380,-113.472753,40036
023R-43-South,53.532311,-113.472558,40037
023R-43-South,53.532234,-113.472353,40038
023R-43-South,53.532159,-113.472163,40039
023R-43-South,53.531905,-113.471552,40040
023R-43-South,53.531842,-113.471382,40041
023R-43-South,53.531792,-113.471209,40042
023R-43-South,53.531759,-113.471053,40043
023R-43-South,53.531736,-113.470913,40044
023R-43-South,53.531719,-113.470756,40045
023R-43-South,53.531712,-113.470633,40046
023R-43-South,53.531709,-113.470504,40047
023R-43-South,53.531729,-113.463676,40048
023R-43-South,53.531733,-113.462319,40049
023R-43-South,53.531734,-113.461897,40050
023R-43-South,53.531735,-113.461747,50001
023R-43-South,53.531737,-113.461640,50002
023R-43-South,53.531742,-113.461456,50003
023R-43-South,53.531763,-113.460847,50004
023R-43-South,53.531766,-113.460727,50005
023R-43-South,53.531768,-113.460642,50006
023R-43-South,53.531770,-113.460540,50007
023R-43-South,53.531771,-113.460406,50008
023R-43-South,53.531777,-113.458050,50009
023R-43-South,53.531775,-113.457906,50010
023R-43-South,53.531766,-113.457804,50011
023R-43-South,53.531747,-113.457707,50012
023R-43-South,53.531717,-113.457615,50013
023R-43-South,53.531671,-113.457526,50014
023R-43-South,53.531633,-113.457474,50015
023R-43-South,53.531602,-113.457442,50016
023R-43-South,53.531572,-113.457417,50017
023R-43-South,53.531538,-113.457396,50018
023R-43-South,53.531476,-113.457377,50019
023R-43-South,53.531421,-113.457368,50020
023R-43-South,53.531349,-113.457366,50021
023R-43-South,53.531234,-113.457370,50022
023R-43-South,53.531080,-113.457383,50023
023R-43-South,53.530927,-113.457401,50024
023R-43-South,53.530780,-113.457419,50025
023R-43-South,53.530659,-113.457433,50026
023R-43-South,53.530554,-113.457442,50027
023R-43-South,53.530469,-113.457446,50028
023R-43-South,53.530303,-113.457448,50029
023R-43-South,53.528704,-113.457440,50030
023R-43-South,53.527896,-113.457432,50031
023R-43-South,53.527730,-113.457430,50032
023R-43-South,53.527580,-113.457429,60001
023R-43-South,53.526771,-113.457421,60002
023R-43-South,53.526331,-113.457417,60003
023R-43-South,53.526146,-113.457414,60004
023R-43-South,53.525951,-113.457398,60005
023R-43-South,53.525778,-113.457369,60006
023R-43-South,53.525630,-113.457328,60007
023R-43-South,53.525485,-113.457274,60008
023R-43-South,53.525361,-113.457217,60009
023R-43-South,53.525228,-113.457143,60010
023R-43-South,53.525059,-113.457031,60011
023R-43-South,53.524912,-113.456913,60012
023R-43-South,53.524761,-113.456778,60013
023R-43-South,53.524608,-113.456632,60014
023R-43-South,53.523697,-113.455747,60015
023R-43-South,53.523580,-113.455645,60016
023R-43-South,53.523469,-113.455560,60017
023R-43-South,53.523370,-113.455495,60018
023R-43-South,53.523233,-113.455421,60019
023R-43-South,53.523123,-113.455374,60020
023R-43-South,53.522983,-113.455331,60021
023R-43-South,53.522842,-113.455304,60022
023R-43-South,53.522717,-113.455297,60023
023R-43-South,53.522584,-113.455294,60024
023R-43-South,53.522466,-113.455294,60025
023R-43-South,53.522311,-113.455299,60026
023R-43-South,53.519819,-113.455412,60027
023R-43-South,53.519011,-113.455449,60028
023R-43-South,53.518723,-113.455463,70001
023R-43-South,53.518588,-113.455466,70002
023R-43-South,53.518482,-113.455464,70003
023R-43-South,53.518389,-113.455454,70004
023R-43-South,53.518323,-113.455442,70005
023R-43-South,53.518212,-113.455413,70006
023R-43-South,53.517833,-113.455265,70007
023R-43-South,53.517713,-113.455215,70008
023R-43-South,53.517613,-113.455182,70009
023R-43-South,53.517497,-113.455153,70010
023R-43-South,53.517385,-113.455135,70011
023R-43-South,53.517271,-113.455125,70012
023R-43-South,53.510376,-113.455116,70013
023R-43-South,53.509567,-113.455106,70014
023R-43-South,53.509392,-113.455104,70015
023R-43-South,53.509223,-113.455103,80001
023R-43-South,53.508414,-113.455093,80002
023R-43-South,53.505502,-113.455055,80003
023R-43-South,53.505362,-113.455037,80004
023R-43-South,53.505242,-113.455014,80005
023R-43-South,53.505126,-113.454979,80006
023R-43-South,53.505009,-113.454933,80007
023R-43-South,53.504913,-113.454888,80008
023R-43-South,53.504832,-113.454842,80009
023R-43-South,53.504655,-113.454721,80010
023R-43-South,53.504539,-113.454626,80011
023R-43-South,53.504416,-113.454507,80012
023R-43-South,53.504287,-113.454362,80013
023R-43-South,53.504155,-113.454193,80014
023R-43-South,53.501894,-113.450735,80015
023R-43-South,53.501772,-113.450547,80016
023R-43-South,53.501661,-113.450351,80017
023R-43-South,53.501574,-113.450171,80018
023R-43-South,53.501491,-113.449951,80019
023R-43-South,53.501422,-113.449705,80020
023R-43-South,53.501384,-113.449522,80021
023R-43-South,53.501353,-113.449305,80022
023R-43-South,53.501336,-113.449089,80023
023R-43-South,53.501332,-113.448879,80024
023R-43-South,53.501342,-113.448637,80025
023R-43-South,53.501363,-113.448402,80026
023R-43-South,53.501526,-113.447049,80027
023R-43-South,53.501522,-113.446813,80028
023R-43-South,53.501503,-113.446620,80029
023R-43-South,53.501468,-113.446424,80030
023R-43-South,53.501423,-113.446257,80031
023R-43-South,53.501360,-113.446082,80032
023R-43-South,53.501304,-113.445962,80033
023R-43-South,53.501210,-113.445806,80034
023R-43-South,53.501119,-113.445679,80035
023R-43-South,53.500230,-113.444608,80036
023R-43-South,53.499469,-113.443694,80037
023R-43-South,53.499429,-113.443660,90001
023R-43-South,53.498596,-113.442650,90002
023R-43-South,53.498503,-113.442557,90003
023R-43-South,53.498397,-113.442479,90004
023R-43-South,53.498279,-113.442420,90005
023R-43-South,53.498159,-113.442390,90006
023R-43-South,53.498029,-113.442379,90007
023R-43-South,53.497888,-113.442380,90008
023R-43-South,53.497472,-113.442401,90009
023R-43-South,53.497206,-113.442409,90010
023R-43-South,53.497000,-113.442412,90011
023R-43-South,53.495147,-113.442410,90012
023R-43-South,53.491283,-113.442404,90013
023R-43-South,53.490474,-113.442407,90014
023R-43-South,53.489579,-113.442411,90015
023R-43-South,53.489341,-113.442404,90016
023R-43-South,53.486123,-113.442187,90017
023R-43-South,53.485963,-113.442180,90018
023R-43-South,53.485763,-113.442183,90019
023R-43-South,53.485536,-113.442198,90020
023R-43-South,53.484839,-113.442249,90021
023R-43-South,53.484264,-113.442292,90022
023R-43-South,53.483988,-113.442322,90023
023R-43-South,53.483752,-113.442355,90024
023R-43-South,53.483264,-113.442425,90025
023R-43-South,53.482890,-113.442462,90026
023R-43-South,53.482431,-113.442484,90027
023R-43-South,53.480766,-113.442491,90028
023R-43-South,53.480387,-113.442480,90029
023R-43-South,53.480041,-113.442426,90030
023R-43-South,53.479763,-113.442347,90031
023R-43-South,53.479498,-113.442240,90032
023R-43-South,53.479349,-113.442166,90033
023R-43-South,53.479154,-113.442053,90034
023R-43-South,53.478961,-113.441924,90035
023R-43-South,53.478688,-113.441708,90036
023R-43-South,53.478446,-113.441480,90037
023R-43-South,53.478201,-113.441211,90038
023R-43-South,53.478008,-113.440975,90039
023R-43-South,53.477378,-113.440196,90040
023R-43-South,53.477173,-113.439948,90041
023R-43-South,53.476982,-113.439742,90042
023R-43-South,53.476794,-113.439566,90043
023R-43-South,53.476592,-113.439408,90044
023R-43-South,53.476357,-113.439261,90045
023R-43-South,53.476115,-113.439148,90046
023R-43-South,53.475813,-113.439057,90047
023R-43-South,53.475582,-113.439022,90048
023R-43-South,53.475424,-113.439005,90049
023R-43-South,53.474617,-113.438920,90050
023R-43-South,53.474401,-113.438899,100001
023R-43-South,53.474163,-113.438882,100002
023R-43-South,53.473377,-113.438852,100003
023R-43-South,53.473161,-113.438840,100004
023R-43-South,53.472965,-113.438816,100005
023R-43-South,53.472836,-113.438792,100006
023R-43-South,53.472698,-113.438761,100007
023R-43-South,53.471904,-113.438577,100008
023R-43-South,53.471609,-113.438503,100009
023R-43-South,53.471394,-113.438433,100010
023R-43-South,53.471219,-113.438364,100011
023R-43-South,53.471001,-113.438268,100012
023R-43-South,53.463715,-113.434940,100013
023R-43-South,53.463440,-113.434817,100014
023R-43-South,53.463140,-113.434692,100015
023R-43-South,53.462910,-113.434604,100016
023R-43-South,53.462728,-113.434538,100017
023R-43-South,53.462544,-113.434476,100018
023R-43-South,53.462345,-113.434413,100019
023R-43-South,53.461948,-113.434301,110001
023R-43-South,53.461635,-113.434225,110002
023R-43-South,53.461330,-113.434162,110003
023R-43-South,53.460935,-113.434096,110004
023R-43-South,53.460664,-113.434061,110005
023R-43-South,53.460334,-113.434028,110006
023R-43-South,53.460049,-113.434010,110007
023R-43-South,53.459735,-113.434000,110008
023R-43-South,53.459374,-113.434002,110009
023R-43-South,53.458735,-113.434024,110010
023R-43-South,53.458652,-113.434015,110011
023R-43-South,53.458580,-113.433988,110012
023R-43-South,53.458503,-113.433936,110013
023R-43-South,53.458423,-113.433852,110014
023R-43-South,53.458367,-113.433768,110015
023R-43-South,53.458317,-113.433663,110016
023R-43-South,53.458278,-113.433549,110017
023R-43-South,53.458250,-113.433426,110018
023R-43-South,53.458234,-113.433290,110019
023R-43-South,53.458231,-113.433159,110020
023R-43-South,53.458278,-113.431522,110021
023R-43-South,53.458285,-113.431404,110022
023R-43-South,53.458311,-113.431160,110023
023R-43-South,53.458348,-113.430876,110024
023R-43-South,53.458521,-113.429732,110025
