trip_id,arrival_time,departure_time,stop_id,stop_sequence,stop_headsign,pickup_type,drop_off_type,shape_dist_traveled,timepoint
134936046,25:20:00,25:20:00,14111,1,,0,0,,
134936046,25:22:08,25:22:08,13789,2,,0,0,1.5224,
134936046,25:23:15,25:23:15,13860,3,,0,0,2.3171,
134936046,25:26:02,25:26:02,13792,4,,0,0,4.2739,
134936046,25:29:02,25:29:02,13793,5,,0,0,6.2998,
134936046,25:32:16,25:32:16,13795,6,,0,0,8.6267,
134936046,25:33:53,25:33:53,13798,7,,0,0,9.4926,
134936046,25:36:00,25:36:00,13799,8,,0,0,10.6211,
134936046,25:37:15,25:37:15,13802,9,,0,0,11.2508,
134936046,25:38:39,25:38:39,13803,10,,0,0,11.9552,
134936046,25:40:06,25:40:06,13864,11,,0,0,12.6598,
134936046,25:41:32,25:41:32,13806,12,,0,0,13.2491,
134936046,25:42:51,25:42:51,13807,13,,0,0,13.7965,
134936046,25:44:04,25:44:04,13810,14,,0,0,14.2906,
134936046,25:45:12,25:45:12,13811,15,,0,0,14.7325,
134936046,25:46:18,25:46:18,13814,16,,0,0,15.161,
134936046,25:47:40,25:47:40,13815,17,,0,0,15.6742,
134936046,25:49:00,25:49:00,13817,18,,0,0,16.1591,
134936046,25:50:10,25:50:10,13820,19,,0,0,16.5799,
134936046,25:51:19,25:51:19,13821,20,,0,0,16.9884,
134936046,25:52:42,25:52:42,13824,21,,0,0,17.6088,
134936046,25:54:27,25:54:27,13825,22,,0,0,18.3984,
134936046,25:55:48,25:55:48,13858,23,,0,0,18.995,
134936046,25:57:11,25:57:11,13853,24,,0,0,19.6782,
134936046,25:58:17,25:58:17,13828,25,,0,0,20.2255,
134936046,26:01:22,26:01:22,13829,26,,0,0,21.7249,
134936046,26:05:37,26:05:37,13832,27,,0,0,24.2963,
134936046,26:07:17,26:07:17,13833,28,,0,0,25.3034,
134936046,26:08:45,26:08:45,13836,29,,0,0,26.0912,
134936046,26:10:47,26:10:47,13837,30,,0,0,27.1846,
134936046,26:12:54,26:12:54,13840,31,,0,0,28.3013,
134936046,26:17:14,26:17:14,14945,32,,0,0,30.3284,
134936046,26:19:40,26:19:40,15664,33,,0,0,31.9296,
134936046,26:22:18,26:22:18,15659,34,,0,0,33.8754,
134936046,26:24:30,26:24:30,15666,35,,0,0,35.225,
134936046,26:26:22,26:26:22,15656,36,,0,0,36.0378,
134936046,26:28:25,26:28:25,15661,37,,0,0,37.4393,
134936046,26:30:26,26:30:26,15662,38,,0,0,38.9837,
134936304,25:04:00,25:04:00,15663,1,,0,0,,
134936304,25:06:01,25:06:01,15660,2,,0,0,1.5444,
134936304,25:08:04,25:08:04,15657,3,,0,0,2.9427,
134936304,25:09:56,25:09:56,15667,4,,0,0,3.7587,
134936304,25:12:08,25:12:08,15658,5,,0,0,5.1083,
134936304,25:14:46,25:14:46,15665,6,,0,0,7.0541,
134936304,25:17:12,25:17:12,14110,7,,0,0,8.7861,
134936304,25:20:05,25:20:05,13839,8,,0,0,10.8182,
134936304,25:22:02,25:22:02,13838,9,,0,0,11.9472,
134936304,25:23:52,25:23:52,13835,10,,0,0,13.0092,
134936304,25:25:16,25:25:16,13834,11,,0,0,13.8158,
134936304,25:26:54,25:26:54,13831,12,,0,0,14.8356,
134936304,25:31:03,25:31:03,13830,13,,0,0,17.3989,
134936304,25:34:11,25:34:11,13827,14,,0,0,18.8965,
134936304,25:35:19,25:35:19,13854,15,,0,0,19.4416,
134936304,25:36:47,25:36:47,13857,16,,0,0,20.1374,
134936304,25:38:10,25:38:10,13826,17,,0,0,20.7343,
134936304,25:40:00,25:40:00,13823,18,,0,0,21.5233,
134936304,25:41:26,25:41:26,13822,19,,0,0,22.133,
134936304,25:42:33,25:42:33,13819,20,,0,0,22.5521,
134936304,25:43:40,25:43:40,13818,21,,0,0,22.9676,
134936304,25:45:00,25:45:00,13816,22,,0,0,23.4569,
134936304,25:46:34,25:46:34,13813,23,,0,0,23.9574,
134936304,25:47:55,25:47:55,13812,24,,0,0,24.3881,
134936304,25:49:20,25:49:20,13809,25,,0,0,24.8314,
134936304,25:50:35,25:50:35,13808,26,,0,0,25.3356,
134936304,25:51:54,25:51:54,13805,27,,0,0,25.8704,
134936304,25:53:21,25:53:21,13863,28,,0,0,26.4427,
134936304,25:55:04,25:55:04,13804,29,,0,0,27.168,
134936304,25:56:45,25:56:45,13801,30,,0,0,27.8806,
134936304,25:58:14,25:58:14,13800,31,,0,0,28.5003,
134936304,26:00:22,26:00:22,13797,32,,0,0,29.6278,
134936304,26:02:11,26:02:11,13796,33,,0,0,30.5746,
134936304,26:05:37,26:05:37,13794,34,,0,0,32.8194,
134936304,26:08:21,26:08:21,13791,35,,0,0,34.8441,
134936304,26:11:49,26:11:49,13859,36,,0,0,36.8118,
134936304,26:13:12,26:13:12,13790,37,,0,0,37.5943,
134936304,26:16:34,26:16:34,14944,38,,0,0,38.9837,
134936560,25:31:00,25:31:00,13785,1,,0,0,,
134936560,25:33:04,25:33:04,13784,2,,0,0,1.3606,
134936560,25:34:55,25:34:55,13781,3,,0,0,2.5819,
134936560,25:36:53,25:36:53,13780,4,,0,0,3.8732,
134936560,25:38:20,25:38:20,13777,5,,0,0,4.8021,
134936560,25:39:20,25:39:20,13776,6,,0,0,5.4737,
134936560,25:40:41,25:40:41,13773,7,,0,0,6.1466,
134936560,25:42:05,25:42:05,13772,8,,0,0,6.8431,
134936560,25:43:15,25:43:15,13769,9,,0,0,7.4856,
134936560,25:44:34,25:44:34,13768,10,,0,0,8.2101,
134936560,25:45:52,25:45:52,13765,11,,0,0,8.9279,
134936560,25:47:05,25:47:05,13764,12,,0,0,9.5772,
134936560,25:48:36,25:48:36,13761,13,,0,0,10.3207,
134936560,25:49:45,25:49:45,13760,14,,0,0,10.8869,
134936560,25:50:53,25:50:53,13852,15,,0,0,11.4434,
134936560,25:51:55,25:51:55,13856,16,,0,0,11.9396,
134936560,25:53:29,25:53:29,13757,17,,0,0,12.5975,
134936560,25:54:20,25:54:20,13756,18,,0,0,12.9491,
134936560,25:55:49,25:55:49,13753,19,,0,0,13.7467,
134936560,25:57:06,25:57:06,13752,20,,0,0,14.4379,
134936560,25:58:45,25:58:45,13749,21,,0,0,15.3185,
134936560,25:59:44,25:59:44,13748,22,,0,0,15.7938,
134936560,26:01:11,26:01:11,13746,23,,0,0,16.4941,
134936560,26:02:20,26:02:20,13743,24,,0,0,17.0412,
134936560,26:03:20,26:03:20,13742,25,,0,0,17.5309,
134936560,26:04:20,26:04:20,13739,26,,0,0,18.342,
134936560,26:06:20,26:06:20,13738,27,,0,0,19.156,
134936560,26:07:48,26:07:48,13735,28,,0,0,20.131,
134936560,26:09:38,26:09:38,13734,29,,0,0,21.3551,
134936560,26:12:55,26:12:55,13732,30,,0,0,23.5284,
134936560,26:16:15,26:16:15,14947,31,,0,0,26.1379,
134936812,25:31:00,25:31:00,13865,1,,0,0,,
134936812,25:34:37,25:34:37,13731,2,,0,0,2.7446,
134936812,25:37:29,25:37:29,13733,3,,0,0,4.9228,
134936812,25:39:06,25:39:06,13736,4,,0,0,6.1462,
134936812,25:40:25,25:40:25,13737,5,,0,0,7.1231,
134936812,25:41:25,25:41:25,13740,6,,0,0,7.9361,
134936812,25:42:45,25:42:45,13741,7,,0,0,8.4659,
134936812,25:43:45,25:43:45,13744,8,,0,0,9.2348,
134936812,25:45:04,25:45:04,13745,9,,0,0,9.7841,
134936812,25:46:25,25:46:25,13747,10,,0,0,10.346,
134936812,25:47:25,25:47:25,13750,11,,0,0,10.9631,
134936812,25:48:25,25:48:25,13751,12,,0,0,11.8476,
134936812,25:49:25,25:49:25,13754,13,,0,0,12.3902,
134936812,25:51:45,25:51:45,13755,14,,0,0,13.2548,
134936812,25:52:39,25:52:39,13758,15,,0,0,13.6807,
134936812,25:54:05,25:54:05,13855,16,,0,0,14.3398,
134936812,25:55:05,25:55:05,13851,17,,0,0,14.843,
134936812,25:56:23,25:56:23,13759,18,,0,0,15.3928,
134936812,25:57:45,25:57:45,13762,19,,0,0,15.9571,
134936812,25:59:15,25:59:15,13763,20,,0,0,16.7095,
134936812,26:00:03,26:00:03,13766,21,,0,0,17.3595,
134936812,26:00:45,26:00:45,13767,22,,0,0,17.9268,
134936812,26:02:51,26:02:51,13770,23,,0,0,18.7914,
134936812,26:04:25,26:04:25,13771,24,,0,0,19.4352,
134936812,26:05:39,26:05:39,13774,25,,0,0,20.1318,
134936812,26:06:51,26:06:51,13775,26,,0,0,20.805,
134936812,26:08:05,26:08:05,13778,27,,0,0,21.48,
134936812,26:09:35,26:09:35,13779,28,,0,0,22.4015,
134936812,26:11:44,26:11:44,13782,29,,0,0,23.7012,
134936812,26:13:45,26:13:45,13783,30,,0,0,24.918,
134936812,26:16:15,26:16:15,14948,31,,0,0,26.1379,
134937037,26:13:00,26:13:00,13862,1,,0,0,,
134937037,26:16:03,26:16:03,13844,2,,0,0,2.0504,
134937037,26:17:30,26:17:30,13845,3,,0,0,2.9213,
134937037,26:18:45,26:18:45,13848,4,,0,0,3.8633,
134937037,26:21:24,26:21:24,14949,5,,0,0,5.347,
134937263,26:25:00,26:25:00,14109,1,,0,0,,
134937263,26:27:05,26:27:05,13847,2,,0,0,1.6279,
134937263,26:28:50,26:28:50,13846,3,,0,0,2.4244,
134937263,26:30:43,26:30:43,13843,4,,0,0,3.2976,
134937263,26:33:24,26:33:24,13861,5,,0,0,5.347,
134937298,10:38:15,10:38:15,16067,1,,0,0,,
134937298,10:40:23,10:40:23,16202,2,,0,0,1.021,
134937298,10:42:02,10:42:02,16083,3,,0,0,1.8136,
134937298,10:44:49,10:44:49,16204,4,,0,0,3.1422,
134937298,10:45:59,10:45:59,16206,5,,0,0,3.7008,
134937298,10:47:15,10:47:15,16069,6,,0,0,4.2944,
134937298,10:49:35,10:49:35,16208,7,,0,0,5.1761,
134937298,10:51:22,10:51:22,16210,8,,0,0,5.8486,
134937298,10:53:15,10:53:15,16071,9,,0,0,6.549,
134937298,10:56:15,10:56:15,16073,10,,0,0,7.3693,
134937298,10:57:45,10:57:45,16212,11,,0,0,8.0844,
134937298,11:00:09,11:00:09,16214,12,,0,0,9.2262,
134937298,11:02:15,11:02:15,16075,13,,0,0,10.2085,
134937298,11:05:21,11:05:21,16216,14,,0,0,11.5706,
134937298,11:07:15,11:07:15,16077,15,,0,0,12.4051,
134937298,11:09:05,11:09:05,16218,16,,0,0,13.0055,
134937298,11:10:40,11:10:40,16220,17,,0,0,13.5245,
134937298,11:14:15,11:14:15,16079,18,,0,0,14.6909,
134937298,11:17:10,11:17:10,16222,19,,0,0,15.5799,
134937298,11:18:32,11:18:32,16224,20,,0,0,16.001,
134937298,11:20:11,11:20:11,16226,21,,0,0,16.508,
134937298,11:21:16,11:21:16,16085,22,,0,0,16.8388,
134937298,11:23:56,11:23:56,16228,23,,0,0,17.6535,
134937298,11:25:18,11:25:18,16230,24,,0,0,18.0714,
134937298,11:27:15,11:27:15,16081,25,,0,0,18.6495,
134937529,25:20:00,25:20:00,16082,1,,0,0,,
134937529,25:21:55,25:21:55,16231,2,,0,0,0.6458,
134937529,25:23:09,25:23:09,16229,3,,0,0,1.0627,
134937529,25:26:00,25:26:00,16086,4,,0,0,2.021,
134937529,25:26:58,25:26:58,16227,5,,0,0,2.3499,
134937529,25:28:03,25:28:03,16225,6,,0,0,2.7153,
134937529,25:29:18,25:29:18,16223,7,,0,0,3.1375,
134937529,25:32:00,25:32:00,16080,8,,0,0,4.0282,
134937529,25:35:37,25:35:37,16221,9,,0,0,5.1934,
134937529,25:37:13,25:37:13,16219,10,,0,0,5.7108,
134937529,25:39:00,25:39:00,16078,11,,0,0,6.2745,
134937529,25:41:22,25:41:22,16217,12,,0,0,7.148,
134937529,25:45:00,25:45:00,16076,13,,0,0,8.4885,
134937529,25:47:03,25:47:03,16215,14,,0,0,9.4543,
134937529,25:49:26,25:49:26,16213,15,,0,0,10.5755,
134937529,25:51:00,25:51:00,16074,16,,0,0,11.3103,
134937529,25:53:00,25:53:00,16072,17,,0,0,12.1201,
134937529,25:54:54,25:54:54,16211,18,,0,0,12.8457,
134937529,25:56:37,25:56:37,16209,19,,0,0,13.5015,
134937529,25:59:00,25:59:00,16070,20,,0,0,14.4114,
134937529,26:00:02,26:00:02,16207,21,,0,0,14.9809,
134937529,26:01:02,26:01:02,16205,22,,0,0,15.5323,
134937529,26:03:31,26:03:31,16084,23,,0,0,16.8875,
134937529,26:04:54,26:04:54,16203,24,,0,0,17.6443,
134937529,26:07:00,26:07:00,16068,25,,0,0,18.7509,
134937661,25:30:00,25:30:00,16289,1,,0,0,,
134937661,25:32:42,25:32:42,16291,2,,0,0,0.7019,
134937661,25:35:32,25:35:32,16293,3,,0,0,1.4417,
134937661,25:37:57,25:37:57,16295,4,,0,0,2.0635,
134937661,25:38:43,25:38:43,16297,5,,0,0,2.3444,
134937661,25:39:52,25:39:52,16299,6,,0,0,2.767,
134937661,25:43:00,25:43:00,16301,7,,0,0,3.9004,
134937661,25:44:32,25:44:32,16303,8,,0,0,4.3918,
134937661,25:45:53,25:45:53,16305,9,,0,0,4.8243,
134937661,25:47:16,25:47:16,16307,10,,0,0,5.2685,
134937661,25:49:54,25:49:54,16309,11,,0,0,6.0989,
134937661,25:51:56,25:51:56,16311,12,,0,0,6.6125,
134937661,25:55:56,25:55:56,16313,13,,0,0,7.6138,
134937661,25:58:23,25:58:23,16315,14,,0,0,8.163,
134937661,25:59:34,25:59:34,16317,15,,0,0,8.5173,
134937661,26:01:06,26:01:06,16319,16,,0,0,8.9734,
134937661,26:03:20,26:03:20,16321,17,,0,0,9.6364,
134937661,26:06:00,26:06:00,16323,18,,0,0,10.4212,
134937789,25:05:00,25:05:00,16324,1,,0,0,,
134937789,25:07:47,25:07:47,16322,2,,0,0,0.8139,
134937789,25:10:02,25:10:02,16320,3,,0,0,1.4737,
134937789,25:11:36,25:11:36,16318,4,,0,0,1.9333,
134937789,25:12:53,25:12:53,16316,5,,0,0,2.3046,
134937789,25:15:23,25:15:23,16314,6,,0,0,2.8463,
134937789,25:19:03,25:19:03,16312,7,,0,0,3.8555,
134937789,25:20:55,25:20:55,16310,8,,0,0,4.3675,
134937789,25:23:58,25:23:58,16308,9,,0,0,5.1976,
134937789,25:25:34,25:25:34,16306,10,,0,0,5.6314,
134937789,25:27:02,25:27:02,16304,11,,0,0,6.0294,
134937789,25:29:02,25:29:02,16302,12,,0,0,6.5659,
134937789,25:32:39,25:32:39,16300,13,,0,0,7.6551,
134937789,25:34:02,25:34:02,16298,14,,0,0,8.0758,
134937789,25:35:11,25:35:11,16296,15,,0,0,8.4146,
134937789,25:37:22,25:37:22,16294,16,,0,0,8.9773,
134937789,25:40:14,25:40:14,16292,17,,0,0,9.7161,
134937789,25:43:00,25:43:00,16290,18,,0,0,10.4212,
