shape_id,shape_pt_lat,shape_pt_lon,shape_pt_sequence,shape_dist_traveled
10716,45.403708,-75.735249,10001,
10716,45.404078,-75.734377,10002,
10716,45.404215,-75.734052,10003,
10716,45.404225,-75.734026,10004,
10716,45.40428,-75.733898,10005,
10716,45.404598,-75.733147,10006,
10716,45.404722,-75.732849,10007,
10716,45.404842,-75.732554,10008,
10716,45.404958,-75.732256,10009,
10716,45.405028,-75.732071,10010,
10716,45.405233,-75.731517,10011,
10716,45.405327,-75.731265,10012,
10716,45.40557,-75.730652,10013,
10716,45.40859,-75.723479,10014,
10716,45.408594,-75.723471,10015,
10716,45.408635,-75.723373,10016,
10716,45.408689,-75.723251,10017,
10716,45.408767,-75.723091,10018,
10716,45.408847,-75.722941,10019,
10716,45.408915,-75.722823,10020,
10716,45.409333,-75.722139,10021,
10716,45.409395,-75.722036,10022,
10716,45.409404,-75.722021,10023,
10716,45.409404,-75.722021,20001,
10716,45.409412,-75.722007,20002,
10716,45.409772,-75.721416,20003,
10716,45.409929,-75.721163,20004,
10716,45.410104,-75.720904,20005,
10716,45.410216,-75.720752,20006,
10716,45.410341,-75.720596,20007,
10716,45.410416,-75.720508,20008,
10716,45.411408,-75.719411,20009,
10716,45.411567,-75.719231,20010,
10716,45.411688,-75.719082,20011,
10716,45.411739,-75.71901,20012,
10716,45.411811,-75.718903,20013,
10716,45.411877,-75.718791,20014,
10716,45.411939,-75.718673,20015,
10716,45.411996,-75.718549,20016,
10716,45.412026,-75.718478,20017,
10716,45.412075,-75.718353,20018,
10716,45.412139,-75.718168,20019,
10716,45.412958,-75.715629,20020,
10716,45.41302,-75.715428,20021,
10716,45.413077,-75.715223,20022,
10716,45.413182,-75.714826,20023,
10716,45.413239,-75.714622,20024,
10716,45.413301,-75.714421,20025,
10716,45.413707,-75.713159,20026,
10716,45.413707,-75.713159,30001,
10716,45.413805,-75.712857,30002,
10716,45.413871,-75.712654,30003,
10716,45.413913,-75.712531,30004,
10716,45.41403,-75.71222,30005,
10716,45.414108,-75.712035,30006,
10716,45.414191,-75.711855,30007,
10716,45.414279,-75.711681,30008,
10716,45.414373,-75.711511,30009,
10716,45.414471,-75.711347,30010,
10716,45.414506,-75.711292,30011,
10716,45.414554,-75.71122,30012,
10716,45.414675,-75.711056,30013,
10716,45.414758,-75.710955,30014,
10716,45.414845,-75.710862,30015,
10716,45.414936,-75.710775,30016,
10716,45.41503,-75.710694,30017,
10716,45.415142,-75.71061,30018,
10716,45.415264,-75.710529,30019,
10716,45.416249,-75.709934,30020,
10716,45.416375,-75.709855,30021,
10716,45.416526,-75.709748,30022,
10716,45.416605,-75.70968,30023,
10716,45.41668,-75.709603,30024,
10716,45.416751,-75.709519,30025,
10716,45.416818,-75.70943,30026,
10716,45.416881,-75.709333,30027,
10716,45.416939,-75.70923,30028,
10716,45.416945,-75.70922,30029,
10716,45.417038,-75.709022,30030,
10716,45.417837,-75.707089,30031,
10716,45.418099,-75.706466,30032,
10716,45.418593,-75.705322,30033,
10716,45.418593,-75.705322,40001,
10716,45.421048,-75.699619,40002,
10716,45.421048,-75.699619,50001,
10716,45.422501,-75.696244,50002,
10716,45.422582,-75.696064,50003,
10716,45.422619,-75.695985,50004,
10716,45.422687,-75.69585,50005,
10716,45.422729,-75.695776,50006,
10716,45.422807,-75.695649,50007,
10716,45.422878,-75.695545,50008,
10716,45.422953,-75.695448,50009,
10716,45.423031,-75.695356,50010,
10716,45.423114,-75.695271,50011,
10716,45.423199,-75.695191,50012,
10716,45.423288,-75.69512,50013,
10716,45.423379,-75.695056,50014,
10716,45.423471,-75.694998,50015,
10716,45.42358,-75.694939,50016,
10716,45.423722,-75.694872,50017,
10716,45.424244,-75.694647,50018,
10716,45.424401,-75.694576,50019,
10716,45.424525,-75.694513,50020,
10716,45.424663,-75.694431,50021,
10716,45.424764,-75.694358,50022,
10716,45.424861,-75.694277,50023,
10716,45.424955,-75.694186,50024,
10716,45.425044,-75.694089,50025,
10716,45.425129,-75.693983,50026,
10716,45.425209,-75.69387,50027,
10716,45.425285,-75.69375,50028,
10716,45.425316,-75.693696,50029,
10716,45.425375,-75.693582,50030,
10716,45.42546,-75.693407,50031,
10716,45.426104,-75.691922,50032,
10716,45.426104,-75.691922,60001,
10716,45.426606,-75.690766,60002,
10716,45.426643,-75.690681,60003,
10716,45.426689,-75.690562,60004,
10716,45.426729,-75.69044,60005,
10716,45.426764,-75.690315,60006,
10716,45.426792,-75.690187,60007,
10716,45.426814,-75.690055,60008,
10716,45.426829,-75.689923,60009,
10716,45.426838,-75.689789,60010,
10716,45.42684,-75.689655,60011,
10716,45.426836,-75.689521,60012,
10716,45.426824,-75.689387,60013,
10716,45.426806,-75.689254,60014,
10716,45.426783,-75.689124,60015,
10716,45.426752,-75.688997,60016,
10716,45.426715,-75.688873,60017,
10716,45.426672,-75.688754,60018,
10716,45.426624,-75.688638,60019,
10716,45.426569,-75.688528,60020,
10716,45.42651,-75.688422,60021,
10716,45.426445,-75.688325,60022,
10716,45.426376,-75.688233,60023,
10716,45.426302,-75.688148,60024,
10716,45.426225,-75.688071,60025,
10716,45.426143,-75.688002,60026,
10716,45.42611,-75.687976,60027,
10716,45.426058,-75.687939,60028,
10716,45.425936,-75.687862,60029,
10716,45.422891,-75.68606,60030,
10716,45.422811,-75.686012,60031,
10716,45.422754,-75.685974,60032,
10716,45.42268,-75.685925,60033,
10716,45.422602,-75.685869,60034,
10716,45.422482,-75.685767,60035,
10716,45.422401,-75.68569,60036,
10716,45.422323,-75.685692,60037,
10716,45.422324,-75.685607,60038,
10716,45.422251,-75.685519,60039,
10716,45.42218,-75.685424,60040,
10716,45.422112,-75.685324,60041,
10716,45.422047,-75.685219,60042,
10716,45.421974,-75.685094,60043,
10716,45.421398,-75.684022,60044,
10716,45.421309,-75.683853,60045,
10716,45.421225,-75.68368,60046,
10716,45.421063,-75.683333,60047,
10716,45.420979,-75.68316,60048,
10716,45.420893,-75.682993,60049,
10716,45.420762,-75.682751,60050,
10716,45.420762,-75.682751,70001,
10716,45.419744,-75.680857,70002,
10716,45.41965,-75.680676,70003,
10716,45.419547,-75.68047,70004,
10716,45.419411,-75.680169,70005,
10716,45.419336,-75.679983,70006,
10716,45.419296,-75.679874,70007,
10716,45.419201,-75.679597,70008,
10716,45.419145,-75.679414,70009,
10716,45.419092,-75.679227,70010,
10716,45.419045,-75.679039,70011,
10716,45.418996,-75.678828,70012,
10716,45.418795,-75.677893,70013,
10716,45.418691,-75.677418,70014,
10716,45.418623,-75.67714,70015,
10716,45.41855,-75.676866,70016,
10716,45.418512,-75.676732,70017,
10716,45.418047,-75.675179,70018,
10716,45.417898,-75.67463,70019,
10716,45.417822,-75.674424,70020,
10716,45.417746,-75.674172,70021,
10716,45.417682,-75.673967,70022,
10716,45.417607,-75.67374,70023,
10716,45.417528,-75.673516,70024,
10716,45.417446,-75.673295,70025,
10716,45.417436,-75.673266,70026,
10716,45.417319,-75.672972,70027,
10716,45.417148,-75.672549,70028,
10716,45.416943,-75.672031,70029,
10716,45.416349,-75.670512,70030,
10716,45.416349,-75.670512,80001,
10716,45.416254,-75.670266,80002,
10716,45.41619,-75.670105,80003,
10716,45.416164,-75.670047,80004,
10716,45.416123,-75.66996,80005,
10716,45.416075,-75.669874,80006,
10716,45.416022,-75.669792,80007,
10716,45.415966,-75.669716,80008,
10716,45.415905,-75.669647,80009,
10716,45.415841,-75.669584,80010,
10716,45.415774,-75.669528,80011,
10716,45.41576,-75.669517,80012,
10716,45.415634,-75.669436,80013,
10716,45.41313,-75.668056,80014,
10716,45.412938,-75.667946,80015,
10716,45.412858,-75.667894,80016,
10716,45.41278,-75.667835,80017,
10716,45.412717,-75.667781,80018,
10716,45.412584,-75.667638,80019,
10716,45.412524,-75.667558,80020,
10716,45.412469,-75.66747,80021,
10716,45.412418,-75.667378,80022,
10716,45.412372,-75.667279,80023,
10716,45.412331,-75.667177,80024,
10716,45.412297,-75.66707,80025,
10716,45.412267,-75.666961,80026,
10716,45.412243,-75.666847,80027,
10716,45.412226,-75.666733,80028,
10716,45.412214,-75.666617,80029,
10716,45.412208,-75.666512,80030,
10716,45.412207,-75.666387,80031,
10716,45.412211,-75.66624,80032,
10716,45.412221,-75.666072,80033,
10716,45.412291,-75.665087,80034,
10716,45.412382,-75.663798,80035,
10716,45.412382,-75.663798,90001,
10716,45.412488,-75.662306,90002,
10716,45.412504,-75.662105,90003,
10716,45.412521,-75.661957,90004,
10716,45.412536,-75.661858,90005,
10716,45.41257,-75.661703,90006,
10716,45.412601,-75.661599,90007,
10716,45.412637,-75.661499,90008,
10716,45.412678,-75.661402,90009,
10716,45.412725,-75.661311,90010,
10716,45.412777,-75.661226,90011,
10716,45.412832,-75.661146,90012,
10716,45.412892,-75.661072,90013,
10716,45.412956,-75.661006,90014,
10716,45.413023,-75.660946,90015,
10716,45.413094,-75.660894,90016,
10716,45.413158,-75.660853,90017,
10716,45.413203,-75.66083,90018,
10716,45.413293,-75.660788,90019,
10716,45.414398,-75.660364,90020,
10716,45.414532,-75.660311,90021,
10716,45.414631,-75.660264,90022,
10716,45.414739,-75.660201,90023,
10716,45.414811,-75.660147,90024,
10716,45.414881,-75.660083,90025,
10716,45.414947,-75.660012,90026,
10716,45.415008,-75.659933,90027,
10716,45.415065,-75.659846,90028,
10716,45.415115,-75.659754,90029,
10716,45.41516,-75.659656,90030,
10716,45.4152,-75.659553,90031,
10716,45.415234,-75.659445,90032,
10716,45.415261,-75.659335,90033,
10716,45.415268,-75.659303,90034,
10716,45.415288,-75.659175,90035,
10716,45.415305,-75.659029,90036,
10716,45.415474,-75.656851,90037,
10716,45.415493,-75.656619,90038,
10716,45.415513,-75.656439,90039,
10716,45.415525,-75.656357,90040,
10716,45.415582,-75.656076,90041,
10716,45.415619,-75.655941,90042,
10716,45.415663,-75.655809,90043,
10716,45.415712,-75.655681,90044,
10716,45.415767,-75.655553,90045,
10716,45.4158,-75.655485,90046,
10716,45.415917,-75.655255,90047,
10716,45.416576,-75.653996,90048,
10716,45.416576,-75.653996,100001,
10716,45.417093,-75.653007,100002,
10716,45.417182,-75.652832,100003,
10716,45.417224,-75.652742,100004,
10716,45.417265,-75.65265,100005,
10716,45.417274,-75.652632,100006,
10716,45.417499,-75.652065,100007,
10716,45.417552,-75.651935,100008,
10716,45.417648,-75.651725,100009,
10716,45.417703,-75.65162,100010,
10716,45.417761,-75.651519,100011,
10716,45.417828,-75.651415,100012,
10716,45.417888,-75.651329,100013,
10716,45.418449,-75.650582,100014,
10716,45.418533,-75.650469,100015,
10716,45.418573,-75.650409,100016,
10716,45.41862,-75.650336,100017,
10716,45.41867,-75.650246,100018,
10716,45.418709,-75.650163,100019,
10716,45.418745,-75.650078,100020,
10716,45.418776,-75.649989,100021,
10716,45.418803,-75.649897,100022,
10716,45.418825,-75.649803,100023,
10716,45.418837,-75.64974,100024,
10716,45.418851,-75.649642,100025,
10716,45.418867,-75.649497,100026,
10716,45.419441,-75.641484,100027,
10716,45.419455,-75.641301,100028,
10716,45.419478,-75.641086,100029,
10716,45.419494,-75.640989,100030,
10716,45.419516,-75.640876,100031,
10716,45.419543,-75.640766,100032,
10716,45.419575,-75.640658,100033,
10716,45.419612,-75.640554,100034,
10716,45.419654,-75.640452,100035,
10716,45.4197,-75.640356,100036,
10716,45.419742,-75.640274,100037,
10716,45.419811,-75.64016,100038,
10716,45.419907,-75.640013,100039,
10716,45.420109,-75.639714,100040,
10716,45.420213,-75.639558,100041,
10716,45.420288,-75.639433,100042,
10716,45.420337,-75.63934,100043,
10716,45.420389,-75.639228,100044,
10716,45.420436,-75.63911,100045,
10716,45.420476,-75.638988,100046,
10716,45.420509,-75.638862,100047,
10716,45.420535,-75.638733,100048,
10716,45.420541,-75.638701,100049,
10716,45.420551,-75.638637,100050,
10716,45.420571,-75.638458,100051,
10716,45.420613,-75.637877,100052,
10716,45.420613,-75.637877,110001,
10716,45.42074,-75.636135,110002,
10716,45.420766,-75.635752,110003,
10716,45.420784,-75.635426,110004,
10716,45.420795,-75.635097,110005,
10716,45.420797,-75.634986,110006,
10716,45.420807,-75.634875,110007,
10716,45.420903,-75.631485,110008,
10716,45.420903,-75.631483,110009,
10716,45.420938,-75.631138,110010,
10716,45.420968,-75.63091,110011,
10716,45.421003,-75.630683,110012,
10716,45.421031,-75.630526,110013,
10716,45.4211,-75.630168,110014,
10716,45.421532,-75.628065,110015,
10716,45.421568,-75.627895,110016,
10716,45.421615,-75.627697,110017,
10716,45.421636,-75.627622,110018,
10716,45.421684,-75.627477,110019,
10716,45.421728,-75.627365,110020,
10716,45.421778,-75.627258,110021,
10716,45.421833,-75.627157,110022,
10716,45.421892,-75.62706,110023,
10716,45.421956,-75.626968,110024,
10716,45.422023,-75.626884,110025,
10716,45.422086,-75.626814,110026,
10716,45.422216,-75.626687,110027,
10716,45.422534,-75.626405,110028,
10716,45.422534,-75.626405,120001,
10716,45.423662,-75.625405,120002,
10716,45.423764,-75.625314,120003,
10716,45.423952,-75.625134,120004,
10716,45.424006,-75.625077,120005,
10716,45.424098,-75.624972,120006,
10716,45.424187,-75.624858,120007,
10716,45.424271,-75.62474,120008,
10716,45.424351,-75.624614,120009,
10716,45.424427,-75.624483,120010,
10716,45.424497,-75.624346,120011,
10716,45.424561,-75.624203,120012,
10716,45.42462,-75.624057,120013,
10716,45.424675,-75.623907,120014,
10716,45.424722,-75.623752,120015,
10716,45.424765,-75.623595,120016,
10716,45.424802,-75.623433,120017,
10716,45.424832,-75.623269,120018,
10716,45.424856,-75.623104,120019,
10716,45.424861,-75.623067,120020,
10716,45.424877,-75.622917,120021,
10716,45.424898,-75.622634,120022,
10716,45.424945,-75.621867,120023,
10716,45.42497,-75.621497,120024,
10716,45.424989,-75.621268,120025,
10716,45.425022,-75.620961,120026,
10716,45.425058,-75.620701,120027,
10716,45.4251,-75.620443,120028,
10716,45.42515,-75.620188,120029,
10716,45.425206,-75.619936,120030,
10716,45.425269,-75.619687,120031,
10716,45.425338,-75.61944,120032,
10716,45.425414,-75.619199,120033,
10716,45.425495,-75.618961,120034,
10716,45.425584,-75.618727,120035,
10716,45.425677,-75.6185,120036,
10716,45.425778,-75.618276,120037,
10716,45.425879,-75.618066,120038,
10716,45.426023,-75.617785,120039,
10716,45.428401,-75.613219,120040,
10716,45.42851,-75.613006,120041,
10716,45.430228,-75.609619,120042,
10716,45.430304,-75.609472,120043,
10716,45.430419,-75.609265,120044,
10716,45.43052,-75.609098,120045,
10716,45.430591,-75.60899,120046,
10716,45.430814,-75.608657,120047,
10736,45.430794,-75.608686,10001,
10736,45.430591,-75.60899,10002,
10736,45.43052,-75.609098,10003,
10736,45.430419,-75.609265,10004,
10736,45.430304,-75.609472,10005,
10736,45.430228,-75.609619,10006,
10736,45.42851,-75.613006,10007,
10736,45.428401,-75.613219,10008,
10736,45.426023,-75.617785,10009,
10736,45.425879,-75.618066,10010,
10736,45.425778,-75.618276,10011,
10736,45.425677,-75.6185,10012,
10736,45.425584,-75.618727,10013,
10736,45.425495,-75.618961,10014,
10736,45.425414,-75.619199,10015,
10736,45.425338,-75.61944,10016,
10736,45.425269,-75.619687,10017,
10736,45.425206,-75.619936,10018,
10736,45.42515,-75.620188,10019,
10736,45.4251,-75.620443,10020,
10736,45.425058,-75.620701,10021,
10736,45.425022,-75.620961,10022,
10736,45.424989,-75.621268,10023,
10736,45.42497,-75.621497,10024,
10736,45.424945,-75.621867,10025,
10736,45.424898,-75.622634,10026,
10736,45.424877,-75.622917,10027,
10736,45.424861,-75.623067,10028,
10736,45.424856,-75.623104,10029,
10736,45.424832,-75.623269,10030,
10736,45.424802,-75.623433,10031,
10736,45.424765,-75.623595,10032,
10736,45.424722,-75.623752,10033,
10736,45.424675,-75.623907,10034,
10736,45.42462,-75.624057,10035,
10736,45.424561,-75.624203,10036,
10736,45.424497,-75.624346,10037,
10736,45.424427,-75.624483,10038,
10736,45.424351,-75.624614,10039,
10736,45.424271,-75.62474,10040,
10736,45.424187,-75.624858,10041,
10736,45.424098,-75.624972,10042,
10736,45.424006,-75.625077,10043,
10736,45.423952,-75.625134,10044,
10736,45.423764,-75.625314,10045,
10736,45.423662,-75.625405,10046,
10736,45.4226,-75.626347,10047,
10736,45.4226,-75.626347,20001,
10736,45.422216,-75.626687,20002,
10736,45.422086,-75.626814,20003,
10736,45.422023,-75.626884,20004,
10736,45.421956,-75.626968,20005,
10736,45.421892,-75.62706,20006,
10736,45.421833,-75.627157,20007,
10736,45.421778,-75.627258,20008,
10736,45.421728,-75.627365,20009,
10736,45.421684,-75.627477,20010,
10736,45.421636,-75.627622,20011,
10736,45.421615,-75.627697,20012,
10736,45.421568,-75.627895,20013,
10736,45.421532,-75.628065,20014,
10736,45.4211,-75.630168,20015,
10736,45.421031,-75.630526,20016,
10736,45.421003,-75.630683,20017,
10736,45.420968,-75.63091,20018,
10736,45.420938,-75.631138,20019,
10736,45.420903,-75.631483,20020,
10736,45.420903,-75.631485,20021,
10736,45.420807,-75.634875,20022,
10736,45.420797,-75.634986,20023,
10736,45.420795,-75.635097,20024,
10736,45.420784,-75.635426,20025,
10736,45.420766,-75.635752,20026,
10736,45.42074,-75.636135,20027,
10736,45.420616,-75.637846,20028,
10736,45.420616,-75.637846,30001,
10736,45.420571,-75.638458,30002,
10736,45.420551,-75.638637,30003,
10736,45.420541,-75.638701,30004,
10736,45.420535,-75.638733,30005,
10736,45.420509,-75.638862,30006,
10736,45.420476,-75.638988,30007,
10736,45.420436,-75.63911,30008,
10736,45.420389,-75.639228,30009,
10736,45.420337,-75.63934,30010,
10736,45.420288,-75.639433,30011,
10736,45.420213,-75.639558,30012,
10736,45.420109,-75.639714,30013,
10736,45.419907,-75.640013,30014,
10736,45.419811,-75.64016,30015,
10736,45.419742,-75.640274,30016,
10736,45.4197,-75.640356,30017,
10736,45.419654,-75.640452,30018,
10736,45.419612,-75.640554,30019,
10736,45.419575,-75.640658,30020,
10736,45.419543,-75.640766,30021,
10736,45.419516,-75.640876,30022,
10736,45.419494,-75.640989,30023,
10736,45.419478,-75.641086,30024,
10736,45.419455,-75.641301,30025,
10736,45.419441,-75.641484,30026,
10736,45.418867,-75.649497,30027,
10736,45.418851,-75.649642,30028,
10736,45.418837,-75.64974,30029,
10736,45.418825,-75.649803,30030,
10736,45.418803,-75.649897,30031,
10736,45.418776,-75.649989,30032,
10736,45.418745,-75.650078,30033,
10736,45.418709,-75.650163,30034,
10736,45.41867,-75.650246,30035,
10736,45.41862,-75.650336,30036,
10736,45.418573,-75.650409,30037,
10736,45.418533,-75.650469,30038,
10736,45.418449,-75.650582,30039,
10736,45.417888,-75.651329,30040,
10736,45.417828,-75.651415,30041,
10736,45.417761,-75.651519,30042,
10736,45.417703,-75.65162,30043,
10736,45.417648,-75.651725,30044,
10736,45.417552,-75.651935,30045,
10736,45.417499,-75.652065,30046,
10736,45.417274,-75.652632,30047,
10736,45.417265,-75.65265,30048,
10736,45.417224,-75.652742,30049,
10736,45.417182,-75.652832,30050,
10736,45.417093,-75.653007,30051,
10736,45.416551,-75.654044,30052,
10736,45.416551,-75.654044,40001,
10736,45.415917,-75.655255,40002,
10736,45.4158,-75.655485,40003,
10736,45.415767,-75.655553,40004,
10736,45.415712,-75.655681,40005,
10736,45.415663,-75.655809,40006,
10736,45.415619,-75.655941,40007,
10736,45.415582,-75.656076,40008,
10736,45.415525,-75.656357,40009,
10736,45.415513,-75.656439,40010,
10736,45.415493,-75.656619,40011,
10736,45.415474,-75.656851,40012,
10736,45.415305,-75.659029,40013,
10736,45.415288,-75.659175,40014,
10736,45.415268,-75.659303,40015,
10736,45.415261,-75.659335,40016,
10736,45.415234,-75.659445,40017,
10736,45.4152,-75.659553,40018,
10736,45.41516,-75.659656,40019,
10736,45.415115,-75.659754,40020,
10736,45.415065,-75.659846,40021,
10736,45.415008,-75.659933,40022,
10736,45.414947,-75.660012,40023,
10736,45.414881,-75.660083,40024,
10736,45.414811,-75.660147,40025,
10736,45.414739,-75.660201,40026,
10736,45.414631,-75.660264,40027,
10736,45.414532,-75.660311,40028,
10736,45.414398,-75.660364,40029,
10736,45.413293,-75.660788,40030,
10736,45.413203,-75.66083,40031,
10736,45.413158,-75.660853,40032,
10736,45.413094,-75.660894,40033,
10736,45.413023,-75.660946,40034,
10736,45.412956,-75.661006,40035,
10736,45.412892,-75.661072,40036,
10736,45.412832,-75.661146,40037,
10736,45.412777,-75.661226,40038,
10736,45.412725,-75.661311,40039,
10736,45.412678,-75.661402,40040,
10736,45.412637,-75.661499,40041,
10736,45.412601,-75.661599,40042,
10736,45.41257,-75.661703,40043,
10736,45.412536,-75.661858,40044,
10736,45.412521,-75.661957,40045,
10736,45.412504,-75.662105,40046,
10736,45.412488,-75.662306,40047,
10736,45.412311,-75.664798,40048,
10736,45.412311,-75.664798,50001,
10736,45.412291,-75.665087,50002,
10736,45.412221,-75.666072,50003,
10736,45.412211,-75.66624,50004,
10736,45.412207,-75.666387,50005,
10736,45.412208,-75.666512,50006,
10736,45.412214,-75.666617,50007,
10736,45.412226,-75.666733,50008,
10736,45.412243,-75.666847,50009,
10736,45.412267,-75.666961,50010,
10736,45.412297,-75.66707,50011,
10736,45.412331,-75.667177,50012,
10736,45.412372,-75.667279,50013,
10736,45.412418,-75.667378,50014,
10736,45.412469,-75.66747,50015,
10736,45.412524,-75.667558,50016,
10736,45.412584,-75.667638,50017,
10736,45.412717,-75.667781,50018,
10736,45.41278,-75.667835,50019,
10736,45.412858,-75.667894,50020,
10736,45.412938,-75.667946,50021,
10736,45.41313,-75.668056,50022,
10736,45.415634,-75.669436,50023,
10736,45.41576,-75.669517,50024,
10736,45.415774,-75.669528,50025,
10736,45.415841,-75.669584,50026,
10736,45.415905,-75.669647,50027,
10736,45.415966,-75.669716,50028,
10736,45.416022,-75.669792,50029,
10736,45.416075,-75.669874,50030,
10736,45.416123,-75.66996,50031,
10736,45.416164,-75.670047,50032,
10736,45.41619,-75.670105,50033,
10736,45.416254,-75.670266,50034,
10736,45.416337,-75.670481,50035,
10736,45.416337,-75.670481,60001,
10736,45.416943,-75.672031,60002,
10736,45.417148,-75.672549,60003,
10736,45.417319,-75.672972,60004,
10736,45.417436,-75.673266,60005,
10736,45.417446,-75.673295,60006,
10736,45.417528,-75.673516,60007,
10736,45.417607,-75.67374,60008,
10736,45.417682,-75.673967,60009,
10736,45.417746,-75.674172,60010,
10736,45.417822,-75.674424,60011,
10736,45.417898,-75.67463,60012,
10736,45.418047,-75.675179,60013,
10736,45.418512,-75.676732,60014,
10736,45.41855,-75.676866,60015,
10736,45.418623,-75.67714,60016,
10736,45.418691,-75.677418,60017,
10736,45.418795,-75.677893,60018,
10736,45.418996,-75.678828,60019,
10736,45.419045,-75.679039,60020,
10736,45.419092,-75.679227,60021,
10736,45.419145,-75.679414,60022,
10736,45.419201,-75.679597,60023,
10736,45.419296,-75.679874,60024,
10736,45.419336,-75.679983,60025,
10736,45.419411,-75.680169,60026,
10736,45.419547,-75.68047,60027,
10736,45.41965,-75.680676,60028,
10736,45.419744,-75.680857,60029,
10736,45.420779,-75.682781,60030,
10736,45.420779,-75.682781,70001,
10736,45.420893,-75.682993,70002,
10736,45.420979,-75.68316,70003,
10736,45.421063,-75.683333,70004,
10736,45.421225,-75.68368,70005,
10736,45.421309,-75.683853,70006,
10736,45.421398,-75.684022,70007,
10736,45.421974,-75.685094,70008,
10736,45.422047,-75.685219,70009,
10736,45.422112,-75.685324,70010,
10736,45.42218,-75.685424,70011,
10736,45.422251,-75.685519,70012,
10736,45.422324,-75.685607,70013,
10736,45.422323,-75.685692,70014,
10736,45.422401,-75.68569,70015,
10736,45.422482,-75.685767,70016,
10736,45.422602,-75.685869,70017,
10736,45.42268,-75.685925,70018,
10736,45.422754,-75.685974,70019,
10736,45.422811,-75.686012,70020,
10736,45.422891,-75.68606,70021,
10736,45.425936,-75.687862,70022,
10736,45.426058,-75.687939,70023,
10736,45.42611,-75.687976,70024,
10736,45.426143,-75.688002,70025,
10736,45.426225,-75.688071,70026,
10736,45.426302,-75.688148,70027,
10736,45.426376,-75.688233,70028,
10736,45.426445,-75.688325,70029,
10736,45.42651,-75.688422,70030,
10736,45.426569,-75.688528,70031,
10736,45.426624,-75.688638,70032,
10736,45.426672,-75.688754,70033,
10736,45.426715,-75.688873,70034,
10736,45.426752,-75.688997,70035,
10736,45.426783,-75.689124,70036,
10736,45.426806,-75.689254,70037,
10736,45.426824,-75.689387,70038,
10736,45.426836,-75.689521,70039,
10736,45.42684,-75.689655,70040,
10736,45.426838,-75.689789,70041,
10736,45.426829,-75.689923,70042,
10736,45.426814,-75.690055,70043,
10736,45.426792,-75.690187,70044,
10736,45.426764,-75.690315,70045,
10736,45.426729,-75.69044,70046,
10736,45.426689,-75.690562,70047,
10736,45.426643,-75.690681,70048,
10736,45.426606,-75.690766,70049,
10736,45.426055,-75.692036,70050,
10736,45.426055,-75.692036,80001,
10736,45.42546,-75.693407,80002,
10736,45.425375,-75.693582,80003,
10736,45.425316,-75.693696,80004,
10736,45.425285,-75.69375,80005,
10736,45.425209,-75.69387,80006,
10736,45.425129,-75.693983,80007,
10736,45.425044,-75.694089,80008,
10736,45.424955,-75.694186,80009,
10736,45.424861,-75.694277,80010,
10736,45.424764,-75.694358,80011,
10736,45.424663,-75.694431,80012,
10736,45.424525,-75.694513,80013,
10736,45.424401,-75.694576,80014,
10736,45.424244,-75.694647,80015,
10736,45.423722,-75.694872,80016,
10736,45.42358,-75.694939,80017,
10736,45.423471,-75.694998,80018,
10736,45.423379,-75.695056,80019,
10736,45.423288,-75.69512,80020,
10736,45.423199,-75.695191,80021,
10736,45.423114,-75.695271,80022,
10736,45.423031,-75.695356,80023,
10736,45.422953,-75.695448,80024,
10736,45.422878,-75.695545,80025,
10736,45.422807,-75.695649,80026,
10736,45.422729,-75.695776,80027,
10736,45.422687,-75.69585,80028,
10736,45.422619,-75.695985,80029,
10736,45.422582,-75.696064,80030,
10736,45.422501,-75.696244,80031,
10736,45.421538,-75.698481,80032,
10736,45.421538,-75.698481,90001,
10736,45.419094,-75.704157,90002,
10736,45.419094,-75.704157,100001,
10736,45.418099,-75.706466,100002,
10736,45.417837,-75.707089,100003,
10736,45.417038,-75.709022,100004,
10736,45.416945,-75.70922,100005,
10736,45.416939,-75.70923,100006,
10736,45.416881,-75.709333,100007,
10736,45.416818,-75.70943,100008,
10736,45.416751,-75.709519,100009,
10736,45.41668,-75.709603,100010,
10736,45.416605,-75.70968,100011,
10736,45.416526,-75.709748,100012,
10736,45.416375,-75.709855,100013,
10736,45.416249,-75.709934,100014,
10736,45.415264,-75.710529,100015,
10736,45.415142,-75.71061,100016,
10736,45.41503,-75.710694,100017,
10736,45.414936,-75.710775,100018,
10736,45.414845,-75.710862,100019,
10736,45.414758,-75.710955,100020,
10736,45.414675,-75.711056,100021,
10736,45.414554,-75.71122,100022,
10736,45.414506,-75.711292,100023,
10736,45.414471,-75.711347,100024,
10736,45.414373,-75.711511,100025,
10736,45.414279,-75.711681,100026,
10736,45.414191,-75.711855,100027,
10736,45.414108,-75.712035,100028,
10736,45.41403,-75.71222,100029,
10736,45.413913,-75.712531,100030,
10736,45.413871,-75.712654,100031,
10736,45.413805,-75.712857,100032,
10736,45.413688,-75.71322,100033,
10736,45.413688,-75.71322,110001,
10736,45.413301,-75.714421,110002,
10736,45.413239,-75.714622,110003,
10736,45.413182,-75.714826,110004,
10736,45.413077,-75.715223,110005,
10736,45.41302,-75.715428,110006,
10736,45.412958,-75.715629,110007,
10736,45.412139,-75.718168,110008,
10736,45.412075,-75.718353,110009,
10736,45.412026,-75.718478,110010,
10736,45.411996,-75.718549,110011,
10736,45.411939,-75.718673,110012,
10736,45.411877,-75.718791,110013,
10736,45.411811,-75.718903,110014,
10736,45.411739,-75.71901,110015,
10736,45.411688,-75.719082,110016,
10736,45.411567,-75.719231,110017,
10736,45.411408,-75.719411,110018,
10736,45.410416,-75.720508,110019,
10736,45.410341,-75.720596,110020,
10736,45.410216,-75.720752,110021,
10736,45.410104,-75.720904,110022,
10736,45.409929,-75.721163,110023,
10736,45.409772,-75.721416,110024,
10736,45.409412,-75.722007,110025,
10736,45.409395,-75.722036,110026,
10736,45.409384,-75.722055,110027,
10736,45.409384,-75.722055,120001,
10736,45.403778,-75.735085,120002,
20909,45.277679,-75.666423,10001,
20909,45.278699,-75.66392,10002,
20909,45.279339,-75.662387,10003,
20909,45.279919,-75.661053,10004,
20909,45.280552,-75.659676,10005,
20909,45.280968,-75.658551,10006,
20909,45.281562,-75.657702,10007,
20909,45.282239,-75.657215,10008,
20909,45.282936,-75.656365,10009,
20909,45.283515,-75.655641,10010,
20909,45.283991,-75.654588,10011,
20909,45.284144,-75.654215,10012,
20909,45.284627,-75.652321,10013,
20909,45.286143,-75.648483,10014,
20909,45.287535,-75.644928,10015,
20909,45.28791,-75.644012,10016,
20909,45.289025,-75.641352,10017,
20909,45.289681,-75.640097,10018,
20909,45.290716,-75.638631,10019,
20909,45.291374,-75.637635,10020,
20909,45.292004,-75.636479,10021,
20909,45.292509,-75.635321,10022,
20909,45.293473,-75.632802,10023,
20909,45.293473,-75.632802,20001,
20909,45.293606,-75.632453,20002,
20909,45.294425,-75.630461,20003,
20909,45.295424,-75.628476,20004,
20909,45.296044,-75.628083,20005,
20909,45.296803,-75.627926,20006,
20909,45.30608,-75.62927,20007,
20909,45.306938,-75.62939,20008,
20909,45.307158,-75.629366,20009,
20909,45.307445,-75.629354,20010,
20909,45.307844,-75.62941,20011,
20909,45.308966,-75.629666,20012,
20909,45.309353,-75.629771,20013,
20909,45.309906,-75.629951,20014,
20909,45.310405,-75.630162,20015,
20909,45.31088,-75.630347,20016,
20909,45.311733,-75.630788,20017,
20909,45.313655,-75.631932,20018,
20909,45.313667,-75.63194,20019,
20909,45.313667,-75.63194,30001,
20909,45.314347,-75.632344,30002,
20909,45.315842,-75.633194,30003,
20909,45.316874,-75.633832,30004,
20909,45.318378,-75.634736,30005,
20909,45.319048,-75.635091,30006,
20909,45.322959,-75.637441,30007,
20909,45.325149,-75.638788,30008,
20909,45.331774,-75.642821,30009,
20909,45.335791,-75.645218,30010,
20909,45.335847,-75.64526,30011,
20909,45.336265,-75.645471,30012,
20909,45.336827,-75.645713,30013,
20909,45.339683,-75.64748,30014,
20909,45.340925,-75.648205,30015,
20909,45.342755,-75.649242,30016,
20909,45.342985,-75.649407,30017,
20909,45.343025,-75.649427,30018,
20909,45.349137,-75.653093,30019,
20909,45.352953,-75.6553,30020,
20909,45.352953,-75.655301,30021,
20909,45.353518,-75.655624,30022,
20909,45.353518,-75.655624,40001,
20909,45.353522,-75.655627,40002,
20909,45.353602,-75.655673,40003,
20909,45.359664,-75.659429,40004,
20909,45.359676,-75.659434,40005,
20909,45.359706,-75.659389,40006,
20909,45.359735,-75.65941,40007,
20909,45.359723,-75.659455,40008,
20909,45.359706,-75.659447,40009,
20909,45.359706,-75.659447,50001,
20909,45.359676,-75.659434,50002,
20909,45.359706,-75.659389,50003,
20909,45.359735,-75.65941,50004,
20909,45.359723,-75.659455,50005,
20909,45.361262,-75.66012,50006,
20909,45.362744,-75.660979,50007,
20909,45.363756,-75.661564,50008,
20909,45.365239,-75.662461,50009,
20909,45.366831,-75.663612,50010,
20909,45.367937,-75.664681,50011,
20909,45.36843,-75.665303,50012,
20909,45.368449,-75.665327,50013,
20909,45.368449,-75.665327,60001,
20909,45.368466,-75.665348,60002,
20909,45.368518,-75.665413,60003,
20909,45.368926,-75.666042,60004,
20909,45.369033,-75.666142,60005,
20909,45.369382,-75.666753,60006,
20909,45.370421,-75.668512,60007,
20909,45.370999,-75.669959,60008,
20909,45.371438,-75.671038,60009,
20909,45.371734,-75.672145,60010,
20909,45.372298,-75.67423,60011,
20909,45.372853,-75.676316,60012,
20909,45.373178,-75.677664,60013,
20909,45.373663,-75.678806,60014,
20909,45.374294,-75.680189,60015,
20909,45.37497,-75.681533,60016,
20909,45.37579,-75.683002,60017,
20909,45.376173,-75.683673,60018,
20909,45.376564,-75.684344,60019,
20909,45.376728,-75.684584,60020,
20909,45.376973,-75.684862,60021,
20909,45.377042,-75.684949,60022,
20909,45.377054,-75.684964,60023,
20909,45.377054,-75.684964,70001,
20909,45.377059,-75.684972,70002,
20909,45.377101,-75.685025,70003,
20909,45.377291,-75.685266,70004,
20909,45.377484,-75.685838,70005,
20909,45.37785,-75.686649,70006,
20909,45.378306,-75.687549,70007,
20909,45.378644,-75.68826,70008,
20909,45.3791,-75.689058,70009,
20909,45.379538,-75.689932,70010,
20909,45.379848,-75.690605,70011,
20909,45.380242,-75.691544,70012,
20909,45.380582,-75.692522,70013,
20909,45.380993,-75.693461,70014,
20909,45.381258,-75.69393,70015,
20909,45.381667,-75.694473,70016,
20909,45.38212,-75.694939,70017,
20909,45.382508,-75.695164,70018,
20909,45.38287,-75.695401,70019,
20909,45.383439,-75.6957,70020,
20909,45.3838,-75.695822,70021,
20909,45.384394,-75.695878,70022,
20909,45.38506,-75.695945,70023,
20909,45.385506,-75.695945,70024,
20909,45.385506,-75.695945,70025,
20909,45.385506,-75.695945,80001,
20909,45.385531,-75.695944,80002,
20909,45.385554,-75.695945,80003,
20909,45.386104,-75.695955,80004,
20909,45.387752,-75.696162,80005,
20909,45.38861,-75.696495,80006,
20909,45.389496,-75.697095,80007,
20909,45.390077,-75.697891,80008,
20909,45.3908,-75.699541,80009,
20909,45.391488,-75.701422,80010,
20909,45.392837,-75.703906,80011,
20909,45.394136,-75.705612,80012,
20909,45.395054,-75.706953,80013,
20909,45.396016,-75.708153,80014,
20909,45.396588,-75.708924,80015,
20909,45.397214,-75.709631,80016,
20909,45.397459,-75.70982,80017,
20909,45.397476,-75.709834,80018,
20909,45.397496,-75.709849,80019,
20909,45.397522,-75.709869,80020,
20909,45.397542,-75.709884,80021,
20909,45.397542,-75.709884,90001,
20909,45.397564,-75.7099,90002,
20909,45.397606,-75.709933,90003,
20909,45.397621,-75.709944,90004,
20909,45.397973,-75.710118,90005,
20909,45.398623,-75.710403,90006,
20909,45.399274,-75.710777,90007,
20909,45.400348,-75.711337,90008,
20909,45.4008,-75.711561,90009,
20909,45.401224,-75.711785,90010,
20909,45.401604,-75.712048,90011,
20909,45.4022,-75.71232,90012,
20909,45.402607,-75.712608,90013,
20909,45.402869,-75.712809,90014,
20909,45.403305,-75.713352,90015,
20909,45.403623,-75.713782,90016,
20909,45.403832,-75.714086,90017,
20909,45.404151,-75.71472,90018,
20909,45.404239,-75.714889,90019,
20909,45.404261,-75.714931,90020,
20909,45.404261,-75.714931,100001,
20909,45.404277,-75.714963,100002,
20909,45.404343,-75.715088,100003,
20909,45.404588,-75.715493,100004,
20909,45.404996,-75.71596,100005,
20909,45.405305,-75.716301,100006,
20909,45.405595,-75.716591,100007,
20909,45.405903,-75.716893,100008,
20909,45.406076,-75.717197,100009,
20909,45.40645,-75.717908,100010,
20909,45.406813,-75.718375,100011,
20909,45.407031,-75.718781,100012,
20909,45.407313,-75.719109,100013,
20909,45.407793,-75.719537,100014,
20909,45.408155,-75.719941,100015,
20909,45.408474,-75.720511,100016,
20909,45.408666,-75.720981,100017,
20909,45.408832,-75.72149,100018,
20909,45.408918,-75.721627,100019,
20909,45.40897,-75.721697,100020,
20909,45.409168,-75.721965,100021,
20909,45.40919,-75.721994,100022,
20909,45.409244,-75.722043,100023,
20910,45.409244,-75.722043,10001,
20910,45.40919,-75.721994,10002,
20910,45.409168,-75.721965,10003,
20910,45.40897,-75.721697,10004,
20910,45.408918,-75.721627,10005,
20910,45.408832,-75.72149,10006,
20910,45.408666,-75.720981,10007,
20910,45.408474,-75.720511,10008,
20910,45.408155,-75.719941,10009,
20910,45.407793,-75.719537,10010,
20910,45.407313,-75.719109,10011,
20910,45.407031,-75.718781,10012,
20910,45.406813,-75.718375,10013,
20910,45.40645,-75.717908,10014,
20910,45.406076,-75.717197,10015,
20910,45.405903,-75.716893,10016,
20910,45.405595,-75.716591,10017,
20910,45.405305,-75.716301,10018,
20910,45.404996,-75.71596,10019,
20910,45.404588,-75.715493,10020,
20910,45.404343,-75.715088,10021,
20910,45.404277,-75.714963,10022,
20910,45.404262,-75.714933,10023,
20910,45.404262,-75.714933,20001,
20910,45.404239,-75.714889,20002,
20910,45.404151,-75.71472,20003,
20910,45.403832,-75.714086,20004,
20910,45.403623,-75.713782,20005,
20910,45.403305,-75.713352,20006,
20910,45.402869,-75.712809,20007,
20910,45.402607,-75.712608,20008,
20910,45.4022,-75.71232,20009,
20910,45.401604,-75.712048,20010,
20910,45.401224,-75.711785,20011,
20910,45.4008,-75.711561,20012,
20910,45.400348,-75.711337,20013,
20910,45.399274,-75.710777,20014,
20910,45.398623,-75.710403,20015,
20910,45.397973,-75.710118,20016,
20910,45.397621,-75.709944,20017,
20910,45.397606,-75.709933,20018,
20910,45.397585,-75.709982,20019,
20910,45.397485,-75.709899,20020,
20910,45.397496,-75.709849,20021,
20910,45.397522,-75.709869,20022,
20910,45.397542,-75.709884,20023,
20910,45.397542,-75.709884,30001,
20910,45.397564,-75.7099,30002,
20910,45.397606,-75.709933,30003,
20910,45.397585,-75.709982,30004,
20910,45.397485,-75.709899,30005,
20910,45.397496,-75.709849,30006,
20910,45.397476,-75.709834,30007,
20910,45.397459,-75.70982,30008,
20910,45.397214,-75.709631,30009,
20910,45.396588,-75.708924,30010,
20910,45.396016,-75.708153,30011,
20910,45.395054,-75.706953,30012,
20910,45.394136,-75.705612,30013,
20910,45.392837,-75.703906,30014,
20910,45.391488,-75.701422,30015,
20910,45.3908,-75.699541,30016,
20910,45.390077,-75.697891,30017,
20910,45.389496,-75.697095,30018,
20910,45.38861,-75.696495,30019,
20910,45.387752,-75.696162,30020,
20910,45.386104,-75.695955,30021,
20910,45.385557,-75.695945,30022,
20910,45.385557,-75.695945,40001,
20910,45.385554,-75.695945,40002,
20910,45.385531,-75.695944,40003,
20910,45.385506,-75.695945,40004,
20910,45.38506,-75.695945,40005,
20910,45.384394,-75.695878,40006,
20910,45.3838,-75.695822,40007,
20910,45.383439,-75.6957,40008,
20910,45.38287,-75.695401,40009,
20910,45.382508,-75.695164,40010,
20910,45.38212,-75.694939,40011,
20910,45.381667,-75.694473,40012,
20910,45.381258,-75.69393,40013,
20910,45.380993,-75.693461,40014,
20910,45.380582,-75.692522,40015,
20910,45.380242,-75.691544,40016,
20910,45.379848,-75.690605,40017,
20910,45.379538,-75.689932,40018,
20910,45.3791,-75.689058,40019,
20910,45.378644,-75.68826,40020,
20910,45.378306,-75.687549,40021,
20910,45.37785,-75.686649,40022,
20910,45.377484,-75.685838,40023,
20910,45.377291,-75.685266,40024,
20910,45.377101,-75.685025,40025,
20910,45.377059,-75.684972,40026,
20910,45.377048,-75.68499,40027,
20910,45.377038,-75.68499,40028,
20910,45.377033,-75.684981,40029,
20910,45.377031,-75.684978,40030,
20910,45.377029,-75.684962,40031,
20910,45.377031,-75.684948,40032,
20910,45.377042,-75.684949,40033,
20910,45.377054,-75.684964,40034,
20910,45.377054,-75.684964,50001,
20910,45.377059,-75.684972,50002,
20910,45.377048,-75.68499,50003,
20910,45.377038,-75.68499,50004,
20910,45.377033,-75.684981,50005,
20910,45.377031,-75.684978,50006,
20910,45.377029,-75.684962,50007,
20910,45.377031,-75.684948,50008,
20910,45.377042,-75.684949,50009,
20910,45.376973,-75.684862,50010,
20910,45.376728,-75.684584,50011,
20910,45.376564,-75.684344,50012,
20910,45.376173,-75.683673,50013,
20910,45.37579,-75.683002,50014,
20910,45.37497,-75.681533,50015,
20910,45.374294,-75.680189,50016,
20910,45.373663,-75.678806,50017,
20910,45.373178,-75.677664,50018,
20910,45.372853,-75.676316,50019,
20910,45.372298,-75.67423,50020,
20910,45.371734,-75.672145,50021,
20910,45.371438,-75.671038,50022,
20910,45.370999,-75.669959,50023,
20910,45.370421,-75.668512,50024,
20910,45.369382,-75.666753,50025,
20910,45.369033,-75.666142,50026,
20910,45.368926,-75.666042,50027,
20910,45.368518,-75.665413,50028,
20910,45.368466,-75.665348,50029,
20910,45.368457,-75.665373,50030,
20910,45.368415,-75.66533,50031,
20910,45.36843,-75.665303,50032,
20910,45.368449,-75.665327,50033,
20910,45.368449,-75.665327,60001,
20910,45.368466,-75.665348,60002,
20910,45.368457,-75.665373,60003,
20910,45.368415,-75.66533,60004,
20910,45.36843,-75.665303,60005,
20910,45.367937,-75.664681,60006,
20910,45.366831,-75.663612,60007,
20910,45.365239,-75.662461,60008,
20910,45.363756,-75.661564,60009,
20910,45.362744,-75.660979,60010,
20910,45.361262,-75.66012,60011,
20910,45.359723,-75.659455,60012,
20910,45.359706,-75.659447,60013,
20910,45.359706,-75.659447,70001,
20910,45.359676,-75.659434,70002,
20910,45.359664,-75.659429,70003,
20910,45.353602,-75.655673,70004,
20910,45.353522,-75.655627,70005,
20910,45.353517,-75.655625,70006,
20910,45.353517,-75.655625,80001,
20910,45.352953,-75.655301,80002,
20910,45.352953,-75.6553,80003,
20910,45.349137,-75.653093,80004,
20910,45.343025,-75.649427,80005,
20910,45.342985,-75.649407,80006,
20910,45.342755,-75.649242,80007,
20910,45.340925,-75.648205,80008,
20910,45.339683,-75.64748,80009,
20910,45.336827,-75.645713,80010,
20910,45.336265,-75.645471,80011,
20910,45.335847,-75.64526,80012,
20910,45.335791,-75.645218,80013,
20910,45.331774,-75.642821,80014,
20910,45.325149,-75.638788,80015,
20910,45.322959,-75.637441,80016,
20910,45.319048,-75.635091,80017,
20910,45.318378,-75.634736,80018,
20910,45.316874,-75.633832,80019,
20910,45.315842,-75.633194,80020,
20910,45.314347,-75.632344,80021,
20910,45.313667,-75.63194,80022,
20910,45.313667,-75.63194,90001,
20910,45.313655,-75.631932,90002,
20910,45.311733,-75.630788,90003,
20910,45.31088,-75.630347,90004,
20910,45.310405,-75.630162,90005,
20910,45.309906,-75.629951,90006,
20910,45.309353,-75.629771,90007,
20910,45.308966,-75.629666,90008,
20910,45.307844,-75.62941,90009,
20910,45.307445,-75.629354,90010,
20910,45.307158,-75.629366,90011,
20910,45.306938,-75.62939,90012,
20910,45.30608,-75.62927,90013,
20910,45.296803,-75.627926,90014,
20910,45.296044,-75.628083,90015,
20910,45.295424,-75.628476,90016,
20910,45.294425,-75.630461,90017,
20910,45.293606,-75.632453,90018,
20910,45.293471,-75.632805,90019,
20910,45.293471,-75.632805,100001,
20910,45.292509,-75.635321,100002,
20910,45.292004,-75.636479,100003,
20910,45.291374,-75.637635,100004,
20910,45.290716,-75.638631,100005,
20910,45.289681,-75.640097,100006,
20910,45.289025,-75.641352,100007,
20910,45.28791,-75.644012,100008,
20910,45.287535,-75.644928,100009,
20910,45.286143,-75.648483,100010,
20910,45.284627,-75.652321,100011,
20910,45.284144,-75.654215,100012,
20910,45.283991,-75.654588,100013,
20910,45.283515,-75.655641,100014,
20910,45.282936,-75.656365,100015,
20910,45.282239,-75.657215,100016,
20910,45.281562,-75.657702,100017,
20910,45.280968,-75.658551,100018,
20910,45.280552,-75.659676,100019,
20910,45.279919,-75.661053,100020,
20910,45.279339,-75.662387,100021,
20910,45.278699,-75.66392,100022,
20910,45.277679,-75.666427,100023,
40725,45.353517,-75.655625,10001,
40725,45.352953,-75.655301,10002,
40725,45.352953,-75.6553,10003,
40725,45.349137,-75.653093,10004,
40725,45.343025,-75.649427,10005,
40725,45.342985,-75.649407,10006,
40725,45.342735,-75.649362,10007,
40725,45.342414,-75.649337,10008,
40725,45.342014,-75.649318,10009,
40725,45.341697,-75.649382,10010,
40725,45.341192,-75.64954,10011,
40725,45.340552,-75.649885,10012,
40725,45.339873,-75.650259,10013,
40725,45.339451,-75.650513,10014,
40725,45.339022,-75.650763,10015,
40725,45.338526,-75.65104,10016,
40725,45.338137,-75.651287,10017,
40725,45.336137,-75.652396,10018,
40725,45.335009,-75.653065,10019,
40725,45.334778,-75.653212,10020,
40725,45.33456,-75.653362,10021,
40725,45.334384,-75.653536,10022,
40725,45.333986,-75.653936,10023,
40725,45.33365,-75.654514,10024,
40725,45.333549,-75.654662,10025,
40725,45.333414,-75.65495,10026,
40725,45.333189,-75.65548,10027,
40725,45.333029,-75.655872,10028,
40725,45.333022,-75.65589,10029,
40725,45.333019,-75.655896,10030,
40725,45.333019,-75.655896,20001,
40725,45.3233,-75.668787,20002,
40727,45.3233,-75.668787,10001,
40727,45.333019,-75.655895,10002,
40727,45.333019,-75.655895,20001,
40727,45.333022,-75.65589,20002,
40727,45.333029,-75.655872,20003,
40727,45.333189,-75.65548,20004,
40727,45.333414,-75.65495,20005,
40727,45.333549,-75.654662,20006,
40727,45.33365,-75.654514,20007,
40727,45.333986,-75.653936,20008,
40727,45.334384,-75.653536,20009,
40727,45.33456,-75.653362,20010,
40727,45.334778,-75.653212,20011,
40727,45.335009,-75.653065,20012,
40727,45.336137,-75.652396,20013,
40727,45.338137,-75.651287,20014,
40727,45.338526,-75.65104,20015,
40727,45.339022,-75.650763,20016,
40727,45.339451,-75.650513,20017,
40727,45.339873,-75.650259,20018,
40727,45.340552,-75.649885,20019,
40727,45.341192,-75.64954,20020,
40727,45.341697,-75.649382,20021,
40727,45.342014,-75.649318,20022,
40727,45.342414,-75.649337,20023,
40727,45.342735,-75.649362,20024,
40727,45.342985,-75.649407,20025,
40727,45.343025,-75.649427,20026,
40727,45.349137,-75.653093,20027,
40727,45.352953,-75.6553,20028,
40727,45.352953,-75.655301,20029,
40727,45.353518,-75.655624,20030,
