shape_id,shape_pt_lat,shape_pt_lon,shape_pt_sequence,shape_dist_traveled
2010681,50.898750,-114.068731,10001,0.000
2010681,50.898907,-114.068816,10002,0.018
2010681,50.899806,-114.069289,10003,0.124
2010681,50.900114,-114.069440,10004,0.160
2010681,50.900633,-114.069679,10005,0.220
2010681,50.900951,-114.069821,10006,0.257
2010681,50.901344,-114.069979,10007,0.302
2010681,50.901740,-114.070115,10008,0.347
2010681,50.902139,-114.070228,10009,0.392
2010681,50.902541,-114.070318,10010,0.437
2010681,50.902977,-114.070397,10011,0.486
2010681,50.903361,-114.070451,10012,0.529
2010681,50.903638,-114.070481,10013,0.560
2010681,50.904143,-114.070516,10014,0.616
2010681,50.904626,-114.070525,10015,0.670
2010681,50.907212,-114.070519,10016,0.958
2010681,50.908022,-114.070545,10017,1.048
2010681,50.909191,-114.070563,10018,1.178
2010681,50.910581,-114.070558,10019,1.333
2010681,50.910769,-114.070555,10020,1.353
2010681,50.910769,-114.070555,20001,1.353
2010681,50.912119,-114.070530,20002,1.504
2010681,50.912261,-114.070555,20003,1.520
2010681,50.912404,-114.070523,20004,1.536
2010681,50.913908,-114.070496,20005,1.703
2010681,50.914296,-114.070500,20006,1.746
2010681,50.914770,-114.070527,20007,1.799
2010681,50.915243,-114.070575,20008,1.852
2010681,50.915715,-114.070647,20009,1.905
2010681,50.916149,-114.070733,20010,1.953
2010681,50.916654,-114.070857,20011,2.010
2010681,50.917120,-114.070997,20012,2.063
2010681,50.918103,-114.071326,20013,2.175
2010681,50.923691,-114.073199,20014,2.810
2010681,50.923691,-114.073199,30001,2.810
2010681,50.923902,-114.073270,30002,2.834
2010681,50.924459,-114.073457,30003,2.898
2010681,50.925046,-114.073654,30004,2.964
2010681,50.925276,-114.073723,30005,2.990
2010681,50.925438,-114.073763,30006,3.009
2010681,50.925636,-114.073793,30007,3.031
2010681,50.925738,-114.073801,30008,3.042
2010681,50.925791,-114.073802,30009,3.048
2010681,50.925979,-114.073796,30010,3.069
2010681,50.926088,-114.073785,30011,3.081
2010681,50.926237,-114.073761,30012,3.098
2010681,50.926374,-114.073728,30013,3.113
2010681,50.926476,-114.073696,30014,3.124
2010681,50.926641,-114.073635,30015,3.143
2010681,50.926720,-114.073600,30016,3.152
2010681,50.927032,-114.073448,30017,3.189
2010681,50.929447,-114.072203,30018,3.471
2010681,50.930170,-114.071810,30019,3.556
2010681,50.930369,-114.071705,30020,3.580
2010681,50.932888,-114.070407,30021,3.874
2010681,50.933084,-114.070311,30022,3.897
2010681,50.933349,-114.070197,30023,3.928
2010681,50.933445,-114.070160,30024,3.939
2010681,50.933693,-114.070069,30025,3.967
2010681,50.933959,-114.069988,30026,3.997
2010681,50.934211,-114.069927,30027,4.026
2010681,50.934312,-114.069906,30028,4.037
2010681,50.934735,-114.069839,30029,4.084
2010681,50.935022,-114.069814,30030,4.116
2010681,50.936412,-114.069717,30031,4.271
2010681,50.936412,-114.069717,40001,4.271
2010681,50.936448,-114.069715,40002,4.275
2010681,50.936613,-114.069707,40003,4.293
2010681,50.936988,-114.069695,40004,4.335
2010681,50.937257,-114.069698,40005,4.365
2010681,50.937556,-114.069706,40006,4.398
2010681,50.938131,-114.069751,40007,4.462
2010681,50.938474,-114.069795,40008,4.501
2010681,50.938720,-114.069834,40009,4.528
2010681,50.938933,-114.069870,40010,4.552
2010681,50.943923,-114.070877,40011,5.112
2010681,50.944529,-114.071020,40012,5.180
2010681,50.945131,-114.071199,40013,5.248
2010681,50.945728,-114.071415,40014,5.316
2010681,50.947759,-114.072218,40015,5.549
2010681,50.948011,-114.072323,40016,5.578
2010681,50.948654,-114.072600,40017,5.652
2010681,50.948907,-114.072703,40018,5.681
2010681,50.950659,-114.073396,40019,5.882
2010681,50.951348,-114.073666,40020,5.961
2010681,50.951952,-114.073885,40021,6.030
2010681,50.952137,-114.073948,40022,6.051
2010681,50.952364,-114.074020,40023,6.077
2010681,50.952561,-114.074074,40024,6.099
2010681,50.952740,-114.074126,40025,6.120
2010681,50.953295,-114.074258,40026,6.182
2010681,50.954253,-114.074454,40027,6.289
2010681,50.954253,-114.074454,50001,6.289
2010681,50.955913,-114.074796,50002,6.476
2010681,50.955988,-114.074821,50003,6.484
2010681,50.956071,-114.074856,50004,6.494
2010681,50.956225,-114.074931,50005,6.512
2010681,50.956261,-114.074928,50006,6.516
2010681,50.956435,-114.074920,50007,6.535
2010681,50.956561,-114.074929,50008,6.549
2010681,50.956828,-114.074983,50009,6.579
2010681,50.957037,-114.075031,50010,6.603
2010681,50.957248,-114.075086,50011,6.626
2010681,50.958605,-114.075468,50012,6.780
2010681,50.958842,-114.075526,50013,6.806
2010681,50.959048,-114.075572,50014,6.830
2010681,50.961568,-114.076090,50015,7.112
2010681,50.963331,-114.076450,50016,7.310
2010681,50.963500,-114.076483,50017,7.329
2010681,50.964447,-114.076681,50018,7.435
2010681,50.964447,-114.076681,60001,7.435
2010681,50.964634,-114.076719,60002,7.456
2010681,50.965833,-114.076963,60003,7.591
2010681,50.966022,-114.076998,60004,7.612
2010681,50.966302,-114.077044,60005,7.643
2010681,50.966483,-114.077069,60006,7.663
2010681,50.966751,-114.077100,60007,7.693
2010681,50.967098,-114.077130,60008,7.732
2010681,50.967404,-114.077146,60009,7.766
2010681,50.967652,-114.077152,60010,7.794
2010681,50.967990,-114.077151,60011,7.831
2010681,50.968232,-114.077143,60012,7.858
2010681,50.968707,-114.077109,60013,7.911
2010681,50.968855,-114.077093,60014,7.928
2010681,50.969152,-114.077056,60015,7.961
2010681,50.969443,-114.077011,60016,7.993
2010681,50.969726,-114.076958,60017,8.025
2010681,50.970045,-114.076889,60018,8.061
2010681,50.970323,-114.076820,60019,8.092
2010681,50.970576,-114.076752,60020,8.121
2010681,50.970887,-114.076657,60021,8.156
2010681,50.971038,-114.076607,60022,8.173
2010681,50.971471,-114.076458,60023,8.223
2010681,50.976621,-114.074678,60024,8.809
2010681,50.976798,-114.074618,60025,8.829
2010681,50.976820,-114.074611,60026,8.832
2010681,50.976835,-114.074603,60027,8.833
2010681,50.977297,-114.074446,60028,8.886
2010681,50.978436,-114.074049,60029,9.016
2010681,50.978604,-114.073995,60030,9.035
2010681,50.978787,-114.073925,60031,9.056
2010681,50.978930,-114.073863,60032,9.072
2010681,50.979046,-114.073806,60033,9.086
2010681,50.979170,-114.073738,60034,9.100
2010681,50.979316,-114.073652,60035,9.118
2010681,50.979316,-114.073652,70001,9.118
2010681,50.979436,-114.073582,70002,9.132
2010681,50.979623,-114.073466,70003,9.154
2010681,50.979754,-114.073388,70004,9.170
2010681,50.980460,-114.072950,70005,9.254
2010681,50.980898,-114.072658,70006,9.307
2010681,50.986261,-114.068963,70007,9.958
2010681,50.986812,-114.068586,70008,10.025
2010681,50.988177,-114.067646,70009,10.190
2010681,50.988356,-114.067528,70010,10.212
2010681,50.988563,-114.067401,70011,10.236
2010681,50.988776,-114.067282,70012,10.261
2010681,50.989050,-114.067144,70013,10.293
2010681,50.989178,-114.067087,70014,10.308
2010681,50.989388,-114.067000,70015,10.332
2010681,50.989542,-114.066941,70016,10.350
2010681,50.989690,-114.066891,70017,10.367
2010681,50.989956,-114.066811,70018,10.397
2010681,50.990184,-114.066757,70019,10.423
2010681,50.990299,-114.066733,70020,10.436
2010681,50.990550,-114.066688,70021,10.464
2010681,50.991298,-114.066581,70022,10.547
2010681,50.991697,-114.066529,70023,10.592
2010681,50.994554,-114.066131,70024,10.911
2010681,50.994784,-114.066091,70025,10.937
2010681,50.995103,-114.066020,70026,10.973
2010681,50.995216,-114.065992,70027,10.985
2010681,50.995457,-114.065938,70028,11.012
2010681,50.995755,-114.065881,70029,11.046
2010681,50.996061,-114.065835,70030,11.080
2010681,50.996779,-114.065734,70031,11.160
2010681,50.997263,-114.065646,70032,11.214
2010681,50.997444,-114.065623,70033,11.235
2010681,50.997464,-114.065623,70034,11.237
2010681,50.997464,-114.065623,80001,11.237
2010681,50.997565,-114.065626,80002,11.248
2010681,51.008673,-114.064082,80003,12.489
2010681,51.013279,-114.063445,80004,13.003
2010681,51.013759,-114.063374,80005,13.057
2010681,51.014088,-114.063299,80006,13.094
2010681,51.014294,-114.063230,80007,13.117
2010681,51.014513,-114.063135,80008,13.143
2010681,51.014694,-114.063039,80009,13.164
2010681,51.014873,-114.062928,80010,13.185
2010681,51.015048,-114.062803,80011,13.207
2010681,51.015217,-114.062667,80012,13.228
2010681,51.015410,-114.062496,80013,13.252
2010681,51.016123,-114.061847,80014,13.344
2010681,51.016228,-114.061760,80015,13.357
2010681,51.016281,-114.061721,80016,13.363
2010681,51.016341,-114.061683,80017,13.370
2010681,51.016412,-114.061649,80018,13.379
2010681,51.016504,-114.061617,80019,13.389
2010681,51.016654,-114.061575,80020,13.406
2010681,51.016745,-114.061555,80021,13.416
2010681,51.016933,-114.061507,80022,13.438
2010681,51.017338,-114.061415,80023,13.483
2010681,51.017824,-114.061299,80024,13.538
2010681,51.017824,-114.061299,90001,13.538
2010681,51.018194,-114.061211,90002,13.579
2010681,51.018298,-114.061176,90003,13.591
2010681,51.018363,-114.061149,90004,13.599
2010681,51.018405,-114.061126,90005,13.604
2010681,51.018512,-114.061058,90006,13.617
2010681,51.018636,-114.060972,90007,13.632
2010681,51.019102,-114.060634,90008,13.688
2010681,51.019272,-114.060521,90009,13.709
2010681,51.019697,-114.060227,90010,13.761
2010681,51.020467,-114.059672,90011,13.855
2010681,51.021590,-114.058862,90012,13.992
2010681,51.021884,-114.058654,90013,14.028
2010681,51.021986,-114.058589,90014,14.040
2010681,51.022073,-114.058544,90015,14.050
2010681,51.022188,-114.058499,90016,14.063
2010681,51.022243,-114.058485,90017,14.070
2010681,51.022284,-114.058478,90018,14.074
2010681,51.022345,-114.058471,90019,14.081
2010681,51.022399,-114.058470,90020,14.087
2010681,51.022443,-114.058473,90021,14.092
2010681,51.022504,-114.058484,90022,14.099
2010681,51.022593,-114.058511,90023,14.109
2010681,51.022696,-114.058551,90024,14.121
2010681,51.022748,-114.058575,90025,14.127
2010681,51.022836,-114.058622,90026,14.137
2010681,51.023337,-114.058907,90027,14.196
2010681,51.023440,-114.058962,90028,14.209
2010681,51.023588,-114.059033,90029,14.226
2010681,51.023656,-114.059060,90030,14.233
2010681,51.023721,-114.059083,90031,14.241
2010681,51.023797,-114.059104,90032,14.249
2010681,51.023871,-114.059119,90033,14.258
2010681,51.023961,-114.059132,90034,14.268
2010681,51.024039,-114.059137,90035,14.276
2010681,51.024125,-114.059137,90036,14.286
2010681,51.024217,-114.059133,90037,14.296
2010681,51.024320,-114.059123,90038,14.308
2010681,51.025019,-114.059035,90039,14.386
2010681,51.025196,-114.059015,90040,14.405
2010681,51.025408,-114.059000,90041,14.429
2010681,51.025588,-114.058993,90042,14.449
2010681,51.025781,-114.058995,90043,14.471
2010681,51.025989,-114.059006,90044,14.494
2010681,51.026167,-114.059023,90045,14.514
2010681,51.026603,-114.059096,90046,14.562
2010681,51.026691,-114.059114,90047,14.572
2010681,51.026920,-114.059171,90048,14.598
2010681,51.027951,-114.059438,90049,14.714
2010681,51.028097,-114.059473,90050,14.731
2010681,51.028270,-114.059506,90051,14.750
2010681,51.028322,-114.059516,90052,14.756
2010681,51.028420,-114.059527,90053,14.767
2010681,51.028551,-114.059531,90054,14.781
2010681,51.028702,-114.059522,90055,14.798
2010681,51.028867,-114.059493,90056,14.817
2010681,51.028951,-114.059472,90057,14.826
2010681,51.029137,-114.059417,90058,14.847
2010681,51.030335,-114.059015,90059,14.983
2010681,51.030426,-114.058987,90060,14.994
2010681,51.030593,-114.058954,90061,15.012
2010681,51.030712,-114.058939,90062,15.026
2010681,51.031926,-114.058854,90063,15.161
2010681,51.031926,-114.058854,100001,15.161
2010681,51.032114,-114.058841,100002,15.182
2010681,51.032396,-114.058827,100003,15.213
2010681,51.032550,-114.058832,100004,15.230
2010681,51.032815,-114.058845,100005,15.260
2010681,51.033025,-114.058851,100006,15.283
2010681,51.033176,-114.058850,100007,15.300
2010681,51.033348,-114.058837,100008,15.319
2010681,51.033610,-114.058820,100009,15.348
2010681,51.035547,-114.058680,100010,15.564
2010681,51.036090,-114.058646,100011,15.624
2010681,51.036707,-114.058597,100012,15.693
2010681,51.036855,-114.058589,100013,15.710
2010681,51.037004,-114.058575,100014,15.726
2010681,51.037104,-114.058556,100015,15.738
2010681,51.037169,-114.058540,100016,15.745
2010681,51.037235,-114.058516,100017,15.752
2010681,51.037420,-114.058439,100018,15.774
2010681,51.037443,-114.058425,100019,15.776
2010681,51.037638,-114.058351,100020,15.799
2010681,51.037795,-114.058301,100021,15.816
2010681,51.037903,-114.058284,100022,15.829
2010681,51.038396,-114.058247,100023,15.883
2010681,51.038396,-114.058247,110001,15.883
2010681,51.038415,-114.058246,110002,15.886
2010681,51.039174,-114.058194,110003,15.970
2010681,51.039437,-114.058174,110004,15.999
2010681,51.039512,-114.058168,110005,16.008
2010681,51.039709,-114.058160,110006,16.030
2010681,51.040437,-114.058169,110007,16.111
2010681,51.040607,-114.058166,110008,16.130
2010681,51.040767,-114.058157,110009,16.147
2010681,51.041006,-114.058133,110010,16.174
2010681,51.041113,-114.058115,110011,16.186
2010681,51.041518,-114.058005,110012,16.232
2010681,51.041916,-114.057837,110013,16.277
2010681,51.042303,-114.057610,110014,16.323
2010681,51.042484,-114.057482,110015,16.346
2010681,51.042662,-114.057342,110016,16.368
2010681,51.042839,-114.057188,110017,16.390
2010681,51.043001,-114.057033,110018,16.411
2010681,51.043186,-114.056848,110019,16.436
2010681,51.044397,-114.055571,110020,16.597
2010681,51.044553,-114.055408,110021,16.618
2010681,51.044655,-114.055308,110022,16.631
2010681,51.044755,-114.055214,110023,16.644
2010681,51.044912,-114.055086,110024,16.664
2010681,51.044987,-114.055034,110025,16.673
2010681,51.045060,-114.054988,110026,16.682
2010681,51.045135,-114.054945,110027,16.691
2010681,51.045196,-114.054915,110028,16.698
2010681,51.045245,-114.054899,110029,16.703
2010681,51.045382,-114.054865,110030,16.719
2010681,51.045469,-114.054852,110031,16.729
2010681,51.045526,-114.054851,110032,16.735
2010681,51.045607,-114.054861,110033,16.744
2010681,51.045676,-114.054878,110034,16.752
2010681,51.045764,-114.054908,110035,16.762
2010681,51.045799,-114.054923,110036,16.766
2010681,51.045835,-114.054945,110037,16.770
2010681,51.045916,-114.055001,110038,16.780
2010681,51.045987,-114.055065,110039,16.789
2010681,51.046042,-114.055127,110040,16.796
2010681,51.046102,-114.055209,110041,16.805
2010681,51.046149,-114.055284,110042,16.813
2010681,51.046193,-114.055377,110043,16.821
2010681,51.046229,-114.055470,110044,16.828
2010681,51.046260,-114.055571,110045,16.836
2010681,51.046283,-114.055684,110046,16.845
2010681,51.046300,-114.055811,110047,16.854
2010681,51.046304,-114.055868,110048,16.858
2010681,51.046310,-114.056134,110049,16.877
2010681,51.046314,-114.056197,110050,16.881
2010681,51.046321,-114.056462,110051,16.899
2010681,51.046329,-114.056721,110052,16.918
2010681,51.046329,-114.056721,120001,16.918
2010681,51.046548,-114.064384,120002,17.456
2010681,51.046548,-114.064384,130001,17.456
2010681,51.046777,-114.072418,130002,18.020
2010681,51.046777,-114.072418,140001,18.020
2010681,51.047074,-114.082843,140002,18.752
2010681,51.047076,-114.082860,140003,18.753
2010681,51.047080,-114.083076,140004,18.768
2010681,51.047104,-114.083917,140005,18.827
2010681,51.047092,-114.084079,140006,18.838
2010681,51.047105,-114.084179,140007,18.846
2010681,51.047114,-114.084270,140008,18.852
2010681,51.047104,-114.083917,140009,18.877
2010681,51.047080,-114.083076,140010,18.936
2010681,51.047076,-114.082860,140011,18.951
2010681,51.047074,-114.082843,140012,18.952
2010681,51.046935,-114.077974,140013,19.294
2010681,51.046935,-114.077974,150001,19.294
2010681,51.047074,-114.082843,150002,19.636
2010681,51.047076,-114.082860,150003,19.637
2010681,51.047094,-114.082987,150004,19.646
2010681,51.047105,-114.083041,150005,19.650
2010681,51.047125,-114.083111,150006,19.655
2010681,51.047145,-114.083171,150007,19.660
2010681,51.047175,-114.083243,150008,19.666
2010681,51.047204,-114.083303,150009,19.672
2010681,51.047236,-114.083358,150010,19.677
2010681,51.047265,-114.083399,150011,19.681
2010681,51.047303,-114.083445,150012,19.686
2010681,51.047343,-114.083485,150013,19.692
2010681,51.047380,-114.083516,150014,19.696
2010681,51.047448,-114.083557,150015,19.704
2010681,51.047545,-114.083589,150016,19.715
2010681,51.047625,-114.083594,150017,19.724
2010681,51.048021,-114.083570,150018,19.768
2010681,51.048148,-114.083557,150019,19.783
2010681,51.048232,-114.083539,150020,19.792
2010681,51.048321,-114.083512,150021,19.802
2010681,51.048402,-114.083477,150022,19.811
2010681,51.048653,-114.083334,150023,19.841
2010681,51.048758,-114.083279,150024,19.853
2010681,51.048823,-114.083256,150025,19.861
2010681,51.048918,-114.083233,150026,19.872
2010681,51.049041,-114.083221,150027,19.885
2010681,51.050229,-114.083138,150028,20.017
2010681,51.050522,-114.083125,150029,20.050
2010681,51.050706,-114.083135,150030,20.071
2010681,51.050830,-114.083153,150031,20.084
2010681,51.050978,-114.083187,150032,20.101
2010681,51.051137,-114.083237,150033,20.119
2010681,51.051274,-114.083294,150034,20.135
2010681,51.051406,-114.083360,150035,20.150
2010681,51.051561,-114.083443,150036,20.169
2010681,51.052513,-114.083984,150037,20.281
2010681,51.052749,-114.084111,150038,20.309
2010681,51.052944,-114.084202,150039,20.331
2010681,51.053101,-114.084258,150040,20.349
2010681,51.053221,-114.084289,150041,20.363
2010681,51.053316,-114.084308,150042,20.374
2010681,51.053408,-114.084321,150043,20.384
2010681,51.053538,-114.084332,150044,20.398
2010681,51.053903,-114.084341,150045,20.439
2010681,51.054832,-114.084353,150046,20.543
2010681,51.054997,-114.084357,150047,20.561
2010681,51.055680,-114.084365,150048,20.637
2010681,51.056293,-114.084384,150049,20.705
2010681,51.056393,-114.084389,150050,20.716
2010681,51.056393,-114.084389,160001,20.716
2010681,51.056863,-114.084415,160002,20.768
2010681,51.057625,-114.084474,160003,20.853
2010681,51.057958,-114.084513,160004,20.890
2010681,51.058245,-114.084555,160005,20.922
2010681,51.058487,-114.084596,160006,20.950
2010681,51.058712,-114.084640,160007,20.975
2010681,51.058977,-114.084699,160008,21.005
2010681,51.059353,-114.084795,160009,21.047
2010681,51.059532,-114.084845,160010,21.067
2010681,51.059905,-114.084962,160011,21.109
2010681,51.060411,-114.085143,160012,21.167
2010681,51.060646,-114.085245,160013,21.194
2010681,51.060766,-114.085309,160014,21.208
2010681,51.060852,-114.085362,160015,21.219
2010681,51.060978,-114.085458,160016,21.234
2010681,51.061082,-114.085550,160017,21.247
2010681,51.061143,-114.085612,160018,21.255
2010681,51.061203,-114.085677,160019,21.264
2010681,51.061297,-114.085792,160020,21.277
2010681,51.061382,-114.085908,160021,21.289
2010681,51.061477,-114.086058,160022,21.304
2010681,51.061539,-114.086168,160023,21.314
2010681,51.061598,-114.086284,160024,21.325
2010681,51.061641,-114.086382,160025,21.333
2010681,51.061690,-114.086504,160026,21.343
2010681,51.061751,-114.086669,160027,21.357
2010681,51.061807,-114.086846,160028,21.371
2010681,51.061845,-114.087000,160029,21.382
2010681,51.061870,-114.087107,160030,21.390
2010681,51.061891,-114.087215,160031,21.398
2010681,51.061936,-114.087512,160032,21.420
2010681,51.061979,-114.087920,160033,21.449
2010681,51.062061,-114.088833,160034,21.513
2010681,51.062094,-114.089092,160035,21.532
2010681,51.062126,-114.089273,160036,21.545
2010681,51.062145,-114.089363,160037,21.552
2010681,51.062172,-114.089466,160038,21.559
2010681,51.062222,-114.089635,160039,21.572
2010681,51.062273,-114.089776,160040,21.584
2010681,51.062315,-114.089871,160041,21.592
2010681,51.062359,-114.089961,160042,21.600
2010681,51.062512,-114.090234,160043,21.625
2010681,51.062776,-114.090648,160044,21.667
2010681,51.063045,-114.091075,160045,21.709
2010681,51.063045,-114.091075,170001,21.709
2010681,51.063733,-114.092170,170002,21.817
2010681,51.063854,-114.092372,170003,21.837
2010681,51.063910,-114.092471,170004,21.846
2010681,51.063960,-114.092569,170005,21.855
2010681,51.064006,-114.092669,170006,21.864
2010681,51.064049,-114.092775,170007,21.873
2010681,51.064084,-114.092874,170008,21.881
2010681,51.064120,-114.092986,170009,21.890
2010681,51.064153,-114.093114,170010,21.899
2010681,51.064181,-114.093237,170011,21.908
2010681,51.064199,-114.093337,170012,21.916
2010681,51.064216,-114.093447,170013,21.924
2010681,51.064229,-114.093565,170014,21.932
2010681,51.064238,-114.093677,170015,21.940
2010681,51.064247,-114.093862,170016,21.953
2010681,51.064250,-114.094120,170017,21.971
2010681,51.064251,-114.096825,170018,22.161
2010681,51.064252,-114.097319,170019,22.195
2010681,51.064256,-114.097537,170020,22.210
2010681,51.064263,-114.097741,170021,22.225
2010681,51.064277,-114.097971,170022,22.241
2010681,51.064288,-114.098089,170023,22.249
2010681,51.064320,-114.098360,170024,22.269
2010681,51.064362,-114.098630,170025,22.288
2010681,51.064381,-114.098733,170026,22.296
2010681,51.064433,-114.098973,170027,22.313
2010681,51.064517,-114.099307,170028,22.338
2010681,51.064671,-114.099852,170029,22.380
2010681,51.064865,-114.100544,170030,22.433
2010681,51.064941,-114.100826,170031,22.455
2010681,51.064982,-114.101000,170032,22.468
2010681,51.065000,-114.101094,170033,22.475
2010681,51.065016,-114.101187,170034,22.482
2010681,51.065040,-114.101385,170035,22.496
2010681,51.065054,-114.101605,170036,22.511
2010681,51.065058,-114.101805,170037,22.525
2010681,51.065058,-114.103654,170038,22.655
2010681,51.065058,-114.103654,180001,22.655
2010681,51.065058,-114.104560,180002,22.718
2010681,51.065062,-114.104773,180003,22.733
2010681,51.065070,-114.104902,180004,22.742
2010681,51.065095,-114.105062,180005,22.754
2010681,51.065125,-114.105181,180006,22.763
2010681,51.065163,-114.105300,180007,22.772
2010681,51.065219,-114.105428,180008,22.783
2010681,51.065270,-114.105516,180009,22.792
2010681,51.065320,-114.105593,180010,22.799
2010681,51.065385,-114.105669,180011,22.808
2010681,51.065454,-114.105735,180012,22.817
2010681,51.065492,-114.105762,180013,22.822
2010681,51.065566,-114.105806,180014,22.831
2010681,51.065620,-114.105830,180015,22.837
2010681,51.065663,-114.105841,180016,22.842
2010681,51.065751,-114.105856,180017,22.852
2010681,51.065860,-114.105862,180018,22.864
2010681,51.066276,-114.105865,180019,22.910
2010681,51.066373,-114.105876,180020,22.921
2010681,51.066510,-114.105911,180021,22.936
2010681,51.066584,-114.105951,180022,22.945
2010681,51.066644,-114.105991,180023,22.952
2010681,51.066701,-114.106041,180024,22.959
2010681,51.066754,-114.106096,180025,22.966
2010681,51.066805,-114.106160,180026,22.974
2010681,51.066853,-114.106230,180027,22.981
2010681,51.066896,-114.106305,180028,22.988
2010681,51.066935,-114.106386,180029,22.995
2010681,51.066970,-114.106472,180030,23.002
2010681,51.067000,-114.106563,180031,23.010
2010681,51.067035,-114.106701,180032,23.020
2010681,51.067051,-114.106785,180033,23.026
2010681,51.067065,-114.106880,180034,23.033
2010681,51.067089,-114.107107,180035,23.049
2010681,51.067141,-114.107786,180036,23.097
2010681,51.067168,-114.108163,180037,23.124
2010681,51.067189,-114.108541,180038,23.150
2010681,51.067211,-114.109085,180039,23.189
2010681,51.067222,-114.109661,180040,23.229
2010681,51.067222,-114.110578,180041,23.293
2010681,51.067225,-114.110806,180042,23.309
2010681,51.067229,-114.110974,180043,23.321
2010681,51.067243,-114.111188,180044,23.336
2010681,51.067267,-114.111409,180045,23.352
2010681,51.067299,-114.111608,180046,23.366
2010681,51.067347,-114.111835,180047,23.383
2010681,51.067403,-114.112044,180048,23.399
2010681,51.067474,-114.112254,180049,23.416
2010681,51.067549,-114.112439,180050,23.431
2010681,51.067620,-114.112589,180051,23.444
2010681,51.067696,-114.112733,180052,23.457
2010681,51.067779,-114.112867,180053,23.470
2010681,51.067878,-114.113007,180054,23.485
2010681,51.067976,-114.113128,180055,23.499
2010681,51.068080,-114.113237,180056,23.513
2010681,51.068185,-114.113339,180057,23.526
2010681,51.068296,-114.113432,180058,23.540
2010681,51.068522,-114.113613,180059,23.569
2010681,51.069286,-114.114211,180060,23.663
2010681,51.069557,-114.114424,180061,23.697
2010681,51.071104,-114.115635,180062,23.889
2010681,51.071139,-114.115663,180063,23.893
2010681,51.071139,-114.115663,190001,23.893
2010681,51.073346,-114.117398,190002,24.167
2010681,51.073721,-114.117661,190003,24.213
2010681,51.073988,-114.117836,190004,24.245
2010681,51.074274,-114.118010,190005,24.279
2010681,51.074598,-114.118198,190006,24.317
2010681,51.074792,-114.118319,190007,24.341
2010681,51.075090,-114.118536,190008,24.377
2010681,51.075377,-114.118785,190009,24.413
2010681,51.075651,-114.119068,190010,24.450
2010681,51.075717,-114.119142,190011,24.459
2010681,51.075864,-114.119316,190012,24.479
2010681,51.076273,-114.119814,190013,24.537
2010681,51.076436,-114.120003,190014,24.559
2010681,51.076575,-114.120151,190015,24.578
2010681,51.076769,-114.120340,190016,24.603
2010681,51.076899,-114.120455,190017,24.620
2010681,51.077106,-114.120625,190018,24.646
2010681,51.077782,-114.121157,190019,24.730
2010681,51.077819,-114.121180,190020,24.734
2010681,51.078186,-114.121475,190021,24.780
2010681,51.078408,-114.121642,190022,24.807
2010681,51.079125,-114.122167,190023,24.895
2010681,51.079453,-114.122414,190024,24.935
2010681,51.080240,-114.123034,190025,25.033
2010681,51.080240,-114.123034,200001,25.033
2010681,51.080999,-114.123630,200002,25.127
2010681,51.081228,-114.123818,200003,25.156
2010681,51.081561,-114.124101,200004,25.198
2010681,51.081983,-114.124486,200005,25.252
2010681,51.082273,-114.124769,200006,25.290
2010681,51.082579,-114.125082,200007,25.330
2010681,51.082756,-114.125274,200008,25.354
2010681,51.082983,-114.125527,200009,25.385
2010681,51.083318,-114.125918,200010,25.431
2010681,51.083584,-114.126249,200011,25.469
2010681,51.083709,-114.126408,200012,25.487
2010681,51.084060,-114.126876,200013,25.538
2010681,51.084212,-114.127087,200014,25.560
2010681,51.084517,-114.127524,200015,25.606
2010681,51.084924,-114.128130,200016,25.668
2010681,51.085341,-114.128778,200017,25.733
2010681,51.085632,-114.129254,200018,25.779
2010681,51.086027,-114.129928,200019,25.844
2010681,51.086089,-114.130037,200020,25.854
2010681,51.086099,-114.130050,200021,25.856
2010681,51.086606,-114.130919,200022,25.939
2010681,51.086816,-114.131289,200023,25.974
2010681,51.086816,-114.131289,210001,25.974
2010681,51.086828,-114.131311,210002,25.976
2010681,51.087161,-114.131924,210003,26.032
2010681,51.087301,-114.132187,210004,26.056
2010681,51.087647,-114.132828,210005,26.116
2010681,51.087775,-114.133071,210006,26.138
2010681,51.087916,-114.133351,210007,26.163
2010681,51.088380,-114.134292,210008,26.247
2010681,51.088544,-114.134609,210009,26.275
2010681,51.088675,-114.134847,210010,26.298
2010681,51.088874,-114.135166,210011,26.329
2010681,51.089070,-114.135439,210012,26.358
2010681,51.089312,-114.135734,210013,26.392
2010681,51.089564,-114.136012,210014,26.426
2010681,51.090523,-114.137038,210015,26.555
2010681,51.090617,-114.137143,210016,26.567
2010681,51.090886,-114.137470,210017,26.605
2010681,51.091141,-114.137821,210018,26.643
2010681,51.091240,-114.137969,210019,26.658
2010681,51.091755,-114.138797,210020,26.739
2010681,51.092326,-114.139732,210021,26.831
2010681,51.095137,-114.144458,210022,27.286
2010681,51.095628,-114.145291,210023,27.366
2010681,51.096770,-114.147248,210024,27.553
2010681,51.097262,-114.148082,210025,27.633
2010681,51.098490,-114.150149,210026,27.832
2010681,51.099082,-114.151120,210027,27.927
2010681,51.099668,-114.152058,210028,28.019
2010681,51.100082,-114.152751,210029,28.086
2010681,51.100481,-114.153465,210030,28.153
2010681,51.100865,-114.154202,210031,28.220
2010681,51.101233,-114.154958,210032,28.287
2010681,51.101350,-114.155209,210033,28.309
2010681,51.101930,-114.156491,210034,28.420
2010681,51.102132,-114.156981,210035,28.461
2010681,51.102201,-114.157165,210036,28.476
2010681,51.102232,-114.157253,210037,28.483
2010681,51.102503,-114.158020,210038,28.544
2010681,51.102605,-114.158311,210039,28.568
2010681,51.102678,-114.158595,210040,28.589
2010681,51.103507,-114.160977,210041,28.780
2010681,51.103507,-114.160977,220001,28.780
2010681,51.103601,-114.161245,220002,28.801
2010681,51.104545,-114.163743,220003,29.005
2010681,51.105596,-114.166241,220004,29.216
2010681,51.106662,-114.168733,220005,29.427
2010681,51.107710,-114.171224,220006,29.637
2010681,51.108748,-114.173705,220007,29.845
2010681,51.109799,-114.176203,220008,30.056
2010681,51.110838,-114.178700,220009,30.265
2010681,51.111880,-114.181174,220010,30.474
2010681,51.112921,-114.183666,220011,30.683
2010681,51.113975,-114.186132,220012,30.892
2010681,51.116175,-114.191439,220013,31.337
2010681,51.118212,-114.196335,220014,31.748
2010681,51.120295,-114.201353,220015,32.169
2010681,51.121342,-114.203727,220016,32.372
2010681,51.121496,-114.204095,220017,32.403
2010681,51.121656,-114.204478,220018,32.435
2010681,51.121752,-114.204706,220019,32.454
2010681,51.121799,-114.204816,220020,32.464
2010681,51.121850,-114.204934,220021,32.474
2010681,51.122129,-114.205603,220022,32.530
2010681,51.122310,-114.206025,220023,32.566
2010681,51.122546,-114.206597,220024,32.614
2010681,51.122671,-114.206894,220025,32.639
2010681,51.122671,-114.206894,230001,32.639
2010681,51.123169,-114.208076,230002,32.738
2010681,51.123297,-114.208387,230003,32.764
2010681,51.123503,-114.208910,230004,32.807
2010681,51.123781,-114.209628,230005,32.866
2010681,51.126264,-114.215874,230006,33.383
2010681,51.128804,-114.221979,230007,33.896
2010681,51.131353,-114.228051,230008,34.407
2010681,51.134126,-114.234659,230009,34.963
2010681,51.134166,-114.234753,230010,34.971
2010681,51.134215,-114.234872,230011,34.981
2010681,51.134254,-114.234965,230012,34.989
2010681,51.134304,-114.235084,230013,34.999
2010681,51.134492,-114.235532,230014,35.036
2010682,51.134465,-114.235653,10001,0.000
2010682,51.134270,-114.235189,10002,0.039
2010682,51.134217,-114.235065,10003,0.050
2010682,51.134168,-114.234946,10004,0.060
2010682,51.134118,-114.234828,10005,0.070
2010682,51.133121,-114.232457,10006,0.269
2010682,51.129983,-114.224957,10007,0.900
2010682,51.127311,-114.218581,10008,1.436
2010682,51.124903,-114.212634,10009,1.931
2010682,51.123695,-114.209691,10010,2.177
2010682,51.122813,-114.207591,10011,2.354
2010682,51.122593,-114.207070,10012,2.398
2010682,51.122593,-114.207070,20001,2.398
2010682,51.122424,-114.206670,20002,2.432
2010682,51.121745,-114.205050,20003,2.568
2010682,51.121740,-114.205032,20004,2.569
2010682,51.121676,-114.204880,20005,2.582
2010682,51.121375,-114.204161,20006,2.642
2010682,51.121235,-114.203824,20007,2.671
2010682,51.121211,-114.203771,20008,2.675
2010682,51.120829,-114.202856,20009,2.752
2010682,51.120411,-114.201850,20010,2.837
2010682,51.119988,-114.200819,20011,2.923
2010682,51.119900,-114.200609,20012,2.940
2010682,51.119706,-114.200136,20013,2.980
2010682,51.119015,-114.198458,20014,3.120
2010682,51.118709,-114.197715,20015,3.182
2010682,51.118179,-114.196454,20016,3.289
2010682,51.117396,-114.194585,20017,3.446
2010682,51.117030,-114.193708,20018,3.519
2010682,51.116896,-114.193379,20019,3.547
2010682,51.114891,-114.188516,20020,3.954
2010682,51.114541,-114.187677,20021,4.024
2010682,51.112262,-114.182251,20022,4.481
2010682,51.111457,-114.180340,20023,4.642
2010682,51.111318,-114.180018,20024,4.670
2010682,51.110717,-114.178603,20025,4.789
2010682,51.110414,-114.177880,20026,4.850
2010682,51.110021,-114.176927,20027,4.930
2010682,51.109411,-114.175465,20028,5.053
2010682,51.108802,-114.174017,20029,5.175
2010682,51.108669,-114.173701,20030,5.201
2010682,51.108458,-114.173196,20031,5.244
2010682,51.107560,-114.171060,20032,5.424
2010682,51.106952,-114.169616,20033,5.545
2010682,51.106800,-114.169256,20034,5.576
2010682,51.106655,-114.168908,20035,5.605
2010682,51.106019,-114.167398,20036,5.732
2010682,51.105832,-114.166962,20037,5.769
2010682,51.105668,-114.166587,20038,5.801
2010682,51.105300,-114.165743,20039,5.873
2010682,51.105036,-114.165122,20040,5.926
2010682,51.104999,-114.165033,20041,5.933
2010682,51.104339,-114.163463,20042,6.065
2010682,51.104067,-114.162804,20043,6.120
2010682,51.103830,-114.162200,20044,6.170
2010682,51.103529,-114.161384,20045,6.236
2010682,51.103418,-114.161055,20046,6.263
2010682,51.103418,-114.161055,30001,6.263
2010682,51.103247,-114.160551,30002,6.303
2010682,51.102859,-114.159358,30003,6.397
2010682,51.102560,-114.158445,30004,6.469
2010682,51.102415,-114.158031,30005,6.502
2010682,51.102366,-114.157891,30006,6.513
2010682,51.102083,-114.157143,30007,6.574
2010682,51.101811,-114.156428,30008,6.633
2010682,51.101651,-114.156030,30009,6.666
2010682,51.101607,-114.155925,30010,6.675
2010682,51.101436,-114.155532,30011,6.708
2010682,51.101178,-114.154968,30012,6.757
2010682,51.100814,-114.154222,30013,6.823
2010682,51.100435,-114.153497,30014,6.889
2010682,51.100041,-114.152791,30015,6.955
2010682,51.099631,-114.152107,30016,7.021
2010682,51.099518,-114.151924,30017,7.039
2010682,51.098879,-114.150908,30018,7.140
2010682,51.098365,-114.150065,30019,7.222
2010682,51.097221,-114.148143,30020,7.407
2010682,51.096725,-114.147317,30021,7.487
2010682,51.095560,-114.145394,30022,7.674
2010682,51.095064,-114.144568,30023,7.754
2010682,51.093552,-114.142024,30024,7.999
2010682,51.091482,-114.138544,30025,8.335
2010682,51.091411,-114.138428,30026,8.346
2010682,51.091138,-114.138008,30027,8.388
2010682,51.090851,-114.137610,30028,8.431
2010682,51.090552,-114.137237,30029,8.473
2010682,51.090416,-114.137080,30030,8.492
2010682,51.089292,-114.135800,30031,8.646
2010682,51.089109,-114.135581,30032,8.671
2010682,51.088930,-114.135354,30033,8.697
2010682,51.088872,-114.135275,30034,8.705
2010682,51.088652,-114.134944,30035,8.739
2010682,51.088577,-114.134820,30036,8.751
2010682,51.088504,-114.134693,30037,8.763
2010682,51.088397,-114.134500,30038,8.781
2010682,51.087442,-114.132726,30039,8.945
2010682,51.086710,-114.131368,30040,9.070
2010682,51.086710,-114.131368,40001,9.070
2010682,51.085980,-114.130011,40002,9.195
2010682,51.085668,-114.129457,40003,9.247
2010682,51.085435,-114.129048,40004,9.286
2010682,51.085300,-114.128819,40005,9.308
2010682,51.085126,-114.128534,40006,9.335
2010682,51.084924,-114.128220,40007,9.367
2010682,51.084779,-114.128000,40008,9.389
2010682,51.084601,-114.127738,40009,9.416
2010682,51.084479,-114.127562,40010,9.435
2010682,51.084340,-114.127366,40011,9.455
2010682,51.084124,-114.127070,40012,9.487
2010682,51.083990,-114.126895,40013,9.506
2010682,51.083728,-114.126559,40014,9.544
2010682,51.083451,-114.126217,40015,9.583
2010682,51.083279,-114.126015,40016,9.607
2010682,51.082925,-114.125610,40017,9.655
2010682,51.082470,-114.125134,40018,9.716
2010682,51.082147,-114.124817,40019,9.758
2010682,51.081900,-114.124581,40020,9.790
2010682,51.081493,-114.124218,40021,9.842
2010682,51.081091,-114.123883,40022,9.893
2010682,51.080190,-114.123172,40023,10.005
2010682,51.080190,-114.123172,50001,10.005
2010682,51.079326,-114.122492,50002,10.112
2010682,51.079099,-114.122303,50003,10.140
2010682,51.078387,-114.121706,50004,10.230
2010682,51.078030,-114.121420,50005,10.274
2010682,51.077022,-114.120626,50006,10.400
2010682,51.076916,-114.120540,50007,10.413
2010682,51.076712,-114.120358,50008,10.439
2010682,51.076554,-114.120202,50009,10.460
2010682,51.076405,-114.120042,50010,10.480
2010682,51.076245,-114.119855,50011,10.502
2010682,51.075841,-114.119364,50012,10.558
2010682,51.075695,-114.119191,50013,10.579
2010682,51.075629,-114.119118,50014,10.587
2010682,51.075357,-114.118838,50015,10.623
2010682,51.075074,-114.118590,50016,10.659
2010682,51.074777,-114.118374,50017,10.696
2010682,51.074572,-114.118247,50018,10.720
2010682,51.074023,-114.117924,50019,10.785
2010682,51.073786,-114.117772,50020,10.814
2010682,51.073552,-114.117611,50021,10.842
2010682,51.073329,-114.117449,50022,10.869
2010682,51.071121,-114.115716,50023,11.143
2010682,51.071121,-114.115716,60001,11.143
2010682,51.070160,-114.114962,60002,11.263
2010682,51.069875,-114.114734,60003,11.298
2010682,51.069846,-114.114707,60004,11.302
2010682,51.069002,-114.114052,60005,11.406
2010682,51.068255,-114.113471,60006,11.499
2010682,51.068148,-114.113378,60007,11.513
2010682,51.068000,-114.113236,60008,11.532
2010682,51.067888,-114.113103,60009,11.547
2010682,51.067783,-114.112961,60010,11.563
2010682,51.067685,-114.112806,60011,11.578
2010682,51.067600,-114.112647,60012,11.593
2010682,51.067519,-114.112484,60013,11.607
2010682,51.067447,-114.112301,60014,11.622
2010682,51.067377,-114.112103,60015,11.638
2010682,51.067330,-114.111936,60016,11.651
2010682,51.067275,-114.111689,60017,11.669
2010682,51.067233,-114.111437,60018,11.688
2010682,51.067207,-114.111221,60019,11.703
2010682,51.067197,-114.111068,60020,11.714
2010682,51.067188,-114.110738,60021,11.737
2010682,51.067186,-114.109605,60022,11.816
2010682,51.067174,-114.109100,60023,11.852
2010682,51.067151,-114.108571,60024,11.889
2010682,51.067131,-114.108219,60025,11.914
2010682,51.067050,-114.107152,60026,11.989
2010682,51.067028,-114.106915,60027,12.006
2010682,51.067015,-114.106823,60028,12.012
2010682,51.066999,-114.106739,60029,12.019
2010682,51.066963,-114.106591,60030,12.030
2010682,51.066934,-114.106506,60031,12.037
2010682,51.066902,-114.106424,60032,12.043
2010682,51.066864,-114.106347,60033,12.050
2010682,51.066823,-114.106276,60034,12.057
2010682,51.066779,-114.106210,60035,12.064
2010682,51.066730,-114.106150,60036,12.070
2010682,51.066679,-114.106098,60037,12.077
2010682,51.066625,-114.106051,60038,12.084
2010682,51.066570,-114.106013,60039,12.091
2010682,51.066503,-114.105975,60040,12.099
2010682,51.066403,-114.105945,60041,12.110
2010682,51.066356,-114.105935,60042,12.115
2010682,51.066268,-114.105928,60043,12.125
2010682,51.065809,-114.105924,60044,12.176
2010682,51.065695,-114.105915,60045,12.189
2010682,51.065580,-114.105882,60046,12.202
2010682,51.065483,-114.105826,60047,12.213
2010682,51.065410,-114.105769,60048,12.223
2010682,51.065320,-114.105674,60049,12.235
2010682,51.065260,-114.105591,60050,12.243
2010682,51.065201,-114.105491,60051,12.253
2010682,51.065149,-114.105381,60052,12.262
2010682,51.065103,-114.105253,60053,12.273
2010682,51.065072,-114.105142,60054,12.281
2010682,51.065046,-114.105006,60055,12.291
2010682,51.065030,-114.104865,60056,12.301
2010682,51.065023,-114.104711,60057,12.312
2010682,51.065023,-114.103115,60058,12.424
2010682,51.065023,-114.103115,70001,12.424
2010682,51.065023,-114.101919,70002,12.508
2010682,51.065017,-114.101618,70003,12.529
2010682,51.065006,-114.101436,70004,12.542
2010682,51.064995,-114.101325,70005,12.550
2010682,51.064969,-114.101141,70006,12.563
2010682,51.064947,-114.101024,70007,12.572
2010682,51.064903,-114.100830,70008,12.586
2010682,51.064762,-114.100316,70009,12.625
2010682,51.064735,-114.100188,70010,12.635
2010682,51.064671,-114.099852,70011,12.659
2010682,51.064517,-114.099307,70012,12.701
2010682,51.064433,-114.098973,70013,12.726
2010682,51.064381,-114.098733,70014,12.744
2010682,51.064362,-114.098630,70015,12.752
2010682,51.064320,-114.098360,70016,12.771
2010682,51.064288,-114.098089,70017,12.790
2010682,51.064277,-114.097971,70018,12.799
2010682,51.064263,-114.097741,70019,12.815
2010682,51.064256,-114.097537,70020,12.829
2010682,51.064252,-114.097319,70021,12.845
2010682,51.064251,-114.096825,70022,12.879
2010682,51.064241,-114.096654,70023,12.891
2010682,51.064224,-114.096439,70024,12.906
2010682,51.064214,-114.096289,70025,12.917
2010682,51.064214,-114.096014,70026,12.936
2010682,51.064207,-114.095205,70027,12.993
2010682,51.064207,-114.094056,70028,13.074
2010682,51.064202,-114.093873,70029,13.086
2010682,51.064186,-114.093672,70030,13.101
2010682,51.064174,-114.093568,70031,13.108
2010682,51.064158,-114.093468,70032,13.115
2010682,51.064134,-114.093344,70033,13.124
2010682,51.064113,-114.093252,70034,13.131
2010682,51.064087,-114.093158,70035,13.139
2010682,51.064055,-114.093050,70036,13.147
2010682,51.064027,-114.092968,70037,13.153
2010682,51.063985,-114.092863,70038,13.162
2010682,51.063936,-114.092752,70039,13.172
2010682,51.063897,-114.092675,70040,13.178
2010682,51.063847,-114.092584,70041,13.187
2010682,51.063665,-114.092287,70042,13.216
2010682,51.063000,-114.091229,70043,13.321
2010682,51.063000,-114.091229,80001,13.321
2010682,51.062551,-114.090515,80002,13.391
2010682,51.062465,-114.090371,80003,13.405
2010682,51.062427,-114.090302,80004,13.412
2010682,51.062343,-114.090127,80005,13.427
2010682,51.062290,-114.090002,80006,13.438
2010682,51.062214,-114.089794,80007,13.455
2010682,51.062159,-114.089611,80008,13.469
2010682,51.062114,-114.089429,80009,13.482
2010682,51.062091,-114.089309,80010,13.491
2010682,51.062053,-114.089083,80011,13.508
2010682,51.062020,-114.088801,80012,13.528
2010682,51.061920,-114.087703,80013,13.606
2010682,51.061893,-114.087463,80014,13.623
2010682,51.061862,-114.087265,80015,13.637
2010682,51.061839,-114.087146,80016,13.646
2010682,51.061810,-114.087020,80017,13.655
2010682,51.061756,-114.086815,80018,13.671
2010682,51.061720,-114.086702,80019,13.680
2010682,51.061689,-114.086611,80020,13.687
2010682,51.061607,-114.086406,80021,13.704
2010682,51.061528,-114.086242,80022,13.718
2010682,51.061475,-114.086142,80023,13.727
2010682,51.061363,-114.085958,80024,13.745
2010682,51.061300,-114.085869,80025,13.755
2010682,51.061236,-114.085789,80026,13.764
2010682,51.061120,-114.085658,80027,13.780
2010682,51.061003,-114.085545,80028,13.795
2010682,51.060879,-114.085449,80029,13.810
2010682,51.060818,-114.085407,80030,13.818
2010682,51.060659,-114.085316,80031,13.836
2010682,51.060572,-114.085274,80032,13.847
2010682,51.060467,-114.085229,80033,13.859
2010682,51.060116,-114.085094,80034,13.899
2010682,51.059971,-114.085043,80035,13.915
2010682,51.059482,-114.084889,80036,13.971
2010682,51.059352,-114.084851,80037,13.985
2010682,51.059068,-114.084778,80038,14.017
2010682,51.058632,-114.084679,80039,14.066
2010682,51.058377,-114.084633,80040,14.095
2010682,51.057948,-114.084568,80041,14.143
2010682,51.057667,-114.084536,80042,14.174
2010682,51.057095,-114.084489,80043,14.238
2010682,51.056569,-114.084455,80044,14.296
2010682,51.056343,-114.084444,80045,14.322
2010682,51.056343,-114.084444,90001,14.322
2010682,51.056200,-114.084437,90002,14.338
2010682,51.055306,-114.084415,90003,14.437
2010682,51.055225,-114.084414,90004,14.446
2010682,51.054575,-114.084406,90005,14.518
2010682,51.054164,-114.084405,90006,14.564
2010682,51.053499,-114.084411,90007,14.638
2010682,51.053384,-114.084404,90008,14.651
2010682,51.053299,-114.084394,90009,14.660
2010682,51.053177,-114.084369,90010,14.674
2010682,51.053071,-114.084340,90011,14.686
2010682,51.052893,-114.084274,90012,14.706
2010682,51.052709,-114.084185,90013,14.728
2010682,51.051487,-114.083497,90014,14.872
2010682,51.051308,-114.083403,90015,14.893
2010682,51.051164,-114.083341,90016,14.910
2010682,51.051047,-114.083298,90017,14.923
2010682,51.050935,-114.083266,90018,14.936
2010682,51.050813,-114.083240,90019,14.949
2010682,51.050674,-114.083223,90020,14.965
2010682,51.050524,-114.083211,90021,14.982
2010682,51.050311,-114.083204,90022,15.005
2010682,51.050165,-114.083205,90023,15.021
2010682,51.049646,-114.083235,90024,15.079
2010682,51.048944,-114.083287,90025,15.158
2010682,51.048837,-114.083308,90026,15.169
2010682,51.048764,-114.083336,90027,15.178
2010682,51.048705,-114.083365,90028,15.185
2010682,51.048422,-114.083526,90029,15.218
2010682,51.048333,-114.083567,90030,15.228
2010682,51.048248,-114.083592,90031,15.238
2010682,51.048177,-114.083610,90032,15.246
2010682,51.048111,-114.083619,90033,15.253
2010682,51.047600,-114.083653,90034,15.310
2010682,51.047515,-114.083638,90035,15.320
2010682,51.047439,-114.083612,90036,15.329
2010682,51.047375,-114.083573,90037,15.336
2010682,51.047306,-114.083516,90038,15.345
2010682,51.047237,-114.083435,90039,15.354
2010682,51.047184,-114.083352,90040,15.363
2010682,51.047145,-114.083276,90041,15.369
2010682,51.047117,-114.083208,90042,15.375
2010682,51.047095,-114.083148,90043,15.380
2010682,51.047080,-114.083076,90044,15.385
2010682,51.047062,-114.083018,90045,15.390
2010682,51.047051,-114.082954,90046,15.394
2010682,51.047039,-114.082855,90047,15.402
2010682,51.046979,-114.080753,90048,15.549
2010682,51.046979,-114.080753,100001,15.549
2010682,51.046811,-114.074856,100002,15.963
2010682,51.046811,-114.074856,110001,15.963
2010682,51.046642,-114.068902,110002,16.381
2010682,51.046642,-114.068902,120001,16.381
2010682,51.046424,-114.061239,120002,16.919
2010682,51.046424,-114.061239,130001,16.919
2010682,51.046295,-114.056723,130002,17.236
2010682,51.046295,-114.056723,140001,17.236
2010682,51.046287,-114.056443,140002,17.256
2010682,51.046277,-114.056168,140003,17.275
2010682,51.046277,-114.056107,140004,17.279
2010682,51.046276,-114.056087,140005,17.281
2010682,51.046266,-114.055788,140006,17.302
2010682,51.046222,-114.055572,140007,17.318
2010682,51.046187,-114.055467,140008,17.326
2010682,51.046143,-114.055360,140009,17.335
2010682,51.046101,-114.055287,140010,17.342
2010682,51.046066,-114.055234,140011,17.347
2010682,51.045994,-114.055137,140012,17.358
2010682,51.045901,-114.055050,140013,17.370
2010682,51.045807,-114.054988,140014,17.381
2010682,51.045747,-114.054960,140015,17.388
2010682,51.045707,-114.054946,140016,17.393
2010682,51.045595,-114.054918,140017,17.405
2010682,51.045531,-114.054912,140018,17.412
2010682,51.045408,-114.054917,140019,17.426
2010682,51.045310,-114.054938,140020,17.437
2010682,51.045240,-114.054964,140021,17.445
2010682,51.045070,-114.055046,140022,17.465
2010682,51.044928,-114.055138,140023,17.482
2010682,51.044844,-114.055203,140024,17.492
2010682,51.044717,-114.055315,140025,17.508
2010682,51.044538,-114.055492,140026,17.532
2010682,51.043290,-114.056807,140027,17.699
2010682,51.043059,-114.057044,140028,17.729
2010682,51.042855,-114.057240,140029,17.756
2010682,51.042552,-114.057489,140030,17.794
2010682,51.042318,-114.057666,140031,17.823
2010682,51.041927,-114.057893,140032,17.869
2010682,51.041525,-114.058063,140033,17.915
2010682,51.041115,-114.058175,140034,17.961
2010682,51.040898,-114.058211,140035,17.986
2010682,51.040772,-114.058225,140036,18.000
2010682,51.040275,-114.058259,140037,18.055
2010682,51.040066,-114.058280,140038,18.078
2010682,51.040055,-114.058280,140039,18.080
2010682,51.040035,-114.058282,140040,18.082
2010682,51.039597,-114.058332,140041,18.131
2010682,51.039397,-114.058351,140042,18.153
2010682,51.038399,-114.058421,140043,18.264
2010682,51.038399,-114.058421,150001,18.264
2010682,51.037989,-114.058450,150002,18.310
2010682,51.037791,-114.058474,150003,18.332
2010682,51.037618,-114.058512,150004,18.351
2010682,51.037458,-114.058542,150005,18.369
2010682,51.037192,-114.058600,150006,18.399
2010682,51.037034,-114.058629,150007,18.417
2010682,51.036448,-114.058674,150008,18.482
2010682,51.033634,-114.058874,150009,18.796
2010682,51.031921,-114.058998,150010,18.986
2010682,51.031921,-114.058998,160001,18.986
2010682,51.030875,-114.059073,160002,19.103
2010682,51.030528,-114.059104,160003,19.141
2010682,51.030259,-114.059144,160004,19.171
2010682,51.030001,-114.059201,160005,19.200
2010682,51.029830,-114.059249,160006,19.220
2010682,51.029697,-114.059292,160007,19.235
2010682,51.029254,-114.059443,160008,19.285
2010682,51.029051,-114.059507,160009,19.308
2010682,51.028869,-114.059554,160010,19.329
2010682,51.028713,-114.059582,160011,19.346
2010682,51.028607,-114.059592,160012,19.358
2010682,51.028508,-114.059593,160013,19.369
2010682,51.028372,-114.059584,160014,19.384
2010682,51.028220,-114.059559,160015,19.401
2010682,51.027995,-114.059508,160016,19.427
2010682,51.026688,-114.059173,160017,19.574
2010682,51.026599,-114.059153,160018,19.584
2010682,51.026166,-114.059082,160019,19.632
2010682,51.025974,-114.059063,160020,19.654
2010682,51.025790,-114.059053,160021,19.674
2010682,51.025553,-114.059051,160022,19.700
2010682,51.025302,-114.059064,160023,19.728
2010682,51.024999,-114.059094,160024,19.762
2010682,51.024286,-114.059187,160025,19.842
2010682,51.024155,-114.059196,160026,19.856
2010682,51.024043,-114.059199,160027,19.869
2010682,51.023906,-114.059186,160028,19.884
2010682,51.023811,-114.059170,160029,19.895
2010682,51.023716,-114.059144,160030,19.905
2010682,51.023586,-114.059096,160031,19.920
2010682,51.023466,-114.059040,160032,19.934
2010682,51.023331,-114.058969,160033,19.950
2010682,51.022840,-114.058688,160034,20.008
2010682,51.022739,-114.058634,160035,20.020
2010682,51.022633,-114.058587,160036,20.032
2010682,51.022531,-114.058555,160037,20.044
2010682,51.022436,-114.058535,160038,20.054
2010682,51.022332,-114.058533,160039,20.066
2010682,51.022242,-114.058546,160040,20.076
2010682,51.022157,-114.058570,160041,20.086
2010682,51.022077,-114.058605,160042,20.095
2010682,51.021992,-114.058647,160043,20.105
2010682,51.021904,-114.058703,160044,20.115
2010682,51.021829,-114.058753,160045,20.124
2010682,51.020243,-114.059899,160046,20.318
2010682,51.019781,-114.060232,160047,20.375
2010682,51.018924,-114.060822,160048,20.479
2010682,51.018627,-114.061039,160049,20.515
2010682,51.018436,-114.061171,160050,20.538
2010682,51.018367,-114.061213,160051,20.547
2010682,51.018269,-114.061255,160052,20.558
2010682,51.018141,-114.061293,160053,20.572
2010682,51.017837,-114.061365,160054,20.607
2010682,51.017837,-114.061365,170001,20.607
2010682,51.016615,-114.061652,170002,20.744
2010682,51.016442,-114.061704,170003,20.764
2010682,51.016361,-114.061742,170004,20.773
2010682,51.016252,-114.061813,170005,20.786
2010682,51.016158,-114.061887,170006,20.798
2010682,51.015423,-114.062556,170007,20.892
2010682,51.015127,-114.062804,170008,20.929
2010682,51.014906,-114.062972,170009,20.957
2010682,51.014763,-114.063064,170010,20.974
2010682,51.014622,-114.063144,170011,20.991
2010682,51.014425,-114.063239,170012,21.013
2010682,51.014188,-114.063329,170013,21.040
2010682,51.013924,-114.063403,170014,21.070
2010682,51.013589,-114.063460,170015,21.108
2010682,50.999865,-114.065365,170016,22.641
2010682,50.999718,-114.065387,170017,22.657
2010682,50.998503,-114.065605,170018,22.793
2010682,50.998062,-114.065688,170019,22.843
2010682,50.997450,-114.065793,170020,22.911
2010682,50.997450,-114.065793,180001,22.911
2010682,50.997434,-114.065795,180002,22.913
2010682,50.996382,-114.065934,180003,23.030
2010682,50.994729,-114.066164,180004,23.215
2010682,50.994364,-114.066217,180005,23.256
2010682,50.994194,-114.066239,180006,23.275
2010682,50.990545,-114.066747,180007,23.682
2010682,50.990304,-114.066788,180008,23.709
2010682,50.989994,-114.066857,180009,23.744
2010682,50.989820,-114.066907,180010,23.764
2010682,50.989678,-114.066953,180011,23.780
2010682,50.989501,-114.067014,180012,23.800
2010682,50.989347,-114.067073,180013,23.818
2010682,50.989217,-114.067129,180014,23.833
2010682,50.989061,-114.067198,180015,23.851
2010682,50.988849,-114.067303,180016,23.875
2010682,50.988644,-114.067416,180017,23.899
2010682,50.988468,-114.067519,180018,23.920
2010682,50.988305,-114.067622,180019,23.940
2010682,50.988091,-114.067765,180020,23.966
2010682,50.984382,-114.070319,180021,24.416
2010682,50.982944,-114.071313,180022,24.590
2010682,50.982060,-114.071918,180023,24.698
2010682,50.981553,-114.072270,180024,24.759
2010682,50.979438,-114.073718,180025,25.015
2010682,50.979341,-114.073782,180026,25.027
2010682,50.979341,-114.073782,190001,25.027
2010682,50.979257,-114.073837,190002,25.037
2010682,50.979166,-114.073894,190003,25.048
2010682,50.979046,-114.073958,190004,25.062
2010682,50.978912,-114.074021,190005,25.078
2010682,50.978787,-114.074071,190006,25.092
2010682,50.977151,-114.074643,190007,25.279
2010682,50.976912,-114.074722,190008,25.306
2010682,50.976702,-114.074788,190009,25.329
2010682,50.976510,-114.074844,190010,25.351
2010682,50.976147,-114.074940,190011,25.392
2010682,50.975690,-114.075071,190012,25.444
2010682,50.975461,-114.075141,190013,25.470
2010682,50.975197,-114.075229,190014,25.500
2010682,50.972079,-114.076305,190015,25.855
2010682,50.971721,-114.076429,190016,25.896
2010682,50.970977,-114.076687,190017,25.980
2010682,50.970788,-114.076747,190018,26.002
2010682,50.970600,-114.076803,190019,26.023
2010682,50.970289,-114.076888,190020,26.058
2010682,50.969976,-114.076963,190021,26.093
2010682,50.969640,-114.077034,190022,26.131
2010682,50.969324,-114.077088,190023,26.166
2010682,50.969066,-114.077126,190024,26.195
2010682,50.968874,-114.077149,190025,26.217
2010682,50.968382,-114.077190,190026,26.271
2010682,50.968173,-114.077202,190027,26.295
2010682,50.967799,-114.077210,190028,26.336
2010682,50.967480,-114.077205,190029,26.372
2010682,50.967167,-114.077192,190030,26.407
2010682,50.966880,-114.077171,190031,26.439
2010682,50.966511,-114.077131,190032,26.480
2010682,50.966326,-114.077106,190033,26.500
2010682,50.966103,-114.077070,190034,26.525
2010682,50.965867,-114.077028,190035,26.552
2010682,50.965075,-114.076867,190036,26.640
2010682,50.964846,-114.076837,190037,26.666
2010682,50.964440,-114.076802,190038,26.711
2010682,50.964440,-114.076802,200001,26.711
2010682,50.964402,-114.076799,200002,26.716
2010682,50.964271,-114.076786,200003,26.730
2010682,50.964127,-114.076755,200004,26.746
2010682,50.963284,-114.076587,200005,26.841
2010682,50.962285,-114.076375,200006,26.953
2010682,50.962026,-114.076309,200007,26.982
2010682,50.961403,-114.076133,200008,27.053
2010682,50.961121,-114.076059,200009,27.084
2010682,50.960900,-114.076011,200010,27.109
2010682,50.960372,-114.075900,200011,27.169
2010682,50.958478,-114.075512,200012,27.381
2010682,50.958253,-114.075463,200013,27.406
2010682,50.958014,-114.075409,200014,27.433
2010682,50.957580,-114.075298,200015,27.482
2010682,50.957224,-114.075210,200016,27.522
2010682,50.956574,-114.075076,200017,27.595
2010682,50.956555,-114.075070,200018,27.597
2010682,50.955884,-114.074933,200019,27.673
2010682,50.954259,-114.074599,200020,27.855
2010682,50.954259,-114.074599,210001,27.855
2010682,50.953488,-114.074441,210002,27.941
2010682,50.953120,-114.074365,210003,27.983
2010682,50.952876,-114.074303,210004,28.010
2010682,50.952739,-114.074262,210005,28.026
2010682,50.952603,-114.074216,210006,28.041
2010682,50.952388,-114.074137,210007,28.066
2010682,50.948898,-114.072759,210008,28.466
2010682,50.948645,-114.072655,210009,28.495
2010682,50.947877,-114.072325,210010,28.584
2010682,50.947623,-114.072221,210011,28.613
2010682,50.945719,-114.071469,210012,28.831
2010682,50.945123,-114.071255,210013,28.899
2010682,50.944523,-114.071076,210014,28.967
2010682,50.943919,-114.070935,210015,29.035
2010682,50.938936,-114.069928,210016,29.594
2010682,50.938557,-114.069864,210017,29.636
2010682,50.938344,-114.069833,210018,29.660
2010682,50.938109,-114.069808,210019,29.686
2010682,50.937912,-114.069796,210020,29.708
2010682,50.937705,-114.069795,210021,29.731
2010682,50.937526,-114.069805,210022,29.751
2010682,50.936397,-114.069884,210023,29.877
2010682,50.936397,-114.069884,220001,29.877
2010682,50.934429,-114.070024,220002,30.096
2010682,50.934237,-114.070046,220003,30.117
2010682,50.934087,-114.070068,220004,30.134
2010682,50.933958,-114.070093,220005,30.148
2010682,50.933685,-114.070159,220006,30.179
2010682,50.933417,-114.070244,220007,30.210
2010682,50.933302,-114.070287,220008,30.223
2010682,50.933168,-114.070341,220009,30.238
2010682,50.933028,-114.070401,220010,30.254
2010682,50.932898,-114.070462,220011,30.269
2010682,50.930381,-114.071759,220012,30.564
2010682,50.930182,-114.071864,220013,30.587
2010682,50.929458,-114.072257,220014,30.672
2010682,50.926834,-114.073610,220015,30.980
2010682,50.926656,-114.073695,220016,31.000
2010682,50.926487,-114.073768,220017,31.020
2010682,50.926331,-114.073821,220018,31.038
2010682,50.926171,-114.073865,220019,31.056
2010682,50.926085,-114.073882,220020,31.065
2010682,50.925876,-114.073906,220021,31.089
2010682,50.925766,-114.073910,220022,31.101
2010682,50.925648,-114.073909,220023,31.114
2010682,50.925513,-114.073901,220024,31.129
2010682,50.925398,-114.073884,220025,31.142
2010682,50.925199,-114.073838,220026,31.164
2010682,50.924968,-114.073771,220027,31.190
2010682,50.924450,-114.073597,220028,31.249
2010682,50.923874,-114.073403,220029,31.315
2010682,50.923727,-114.073354,220030,31.331
2010682,50.923727,-114.073354,230001,31.331
2010682,50.922255,-114.072860,230002,31.499
2010682,50.922009,-114.072773,230003,31.527
2010682,50.921360,-114.072512,230004,31.601
2010682,50.921200,-114.072445,230005,31.620
2010682,50.921062,-114.072391,230006,31.635
2010682,50.920509,-114.072190,230007,31.699
2010682,50.917904,-114.071317,230008,31.995
2010682,50.917113,-114.071053,230009,32.085
2010682,50.916736,-114.070938,230010,32.127
2010682,50.916269,-114.070817,230011,32.180
2010682,50.915799,-114.070718,230012,32.233
2010682,50.915328,-114.070642,230013,32.286
2010682,50.914855,-114.070590,230014,32.338
2010682,50.914382,-114.070560,230015,32.391
2010682,50.913908,-114.070552,230016,32.444
2010682,50.912405,-114.070581,230017,32.611
2010682,50.912261,-114.070555,230018,32.627
2010682,50.912118,-114.070587,230019,32.643
2010682,50.910736,-114.070614,230020,32.797
2010682,50.910736,-114.070614,240001,32.797
2010682,50.910631,-114.070616,240002,32.809
2010682,50.909180,-114.070625,240003,32.970
2010682,50.907840,-114.070596,240004,33.119
2010682,50.907211,-114.070576,240005,33.189
2010682,50.904727,-114.070583,240006,33.466
2010682,50.904340,-114.070579,240007,33.509
2010682,50.903835,-114.070555,240008,33.565
2010682,50.903351,-114.070507,240009,33.619
2010682,50.902977,-114.070454,240010,33.661
2010682,50.902660,-114.070398,240011,33.696
2010682,50.902189,-114.070296,240012,33.749
2010682,50.901725,-114.070171,240013,33.801
2010682,50.901262,-114.070024,240014,33.854
2010682,50.900804,-114.069855,240015,33.906
2010682,50.900657,-114.069804,240016,33.923
2010682,50.900454,-114.069733,240017,33.946
2010682,50.900093,-114.069587,240018,33.987
2010682,50.899906,-114.069502,240019,34.009
2010682,50.899536,-114.069329,240020,34.052
2010682,50.899174,-114.069146,240021,34.094
2010682,50.898803,-114.068936,240022,34.138
2010682,50.898742,-114.068898,240023,34.145
2020431,51.037546,-114.188477,10001,0.000
2020431,51.037559,-114.186947,10002,0.107
2020431,51.037588,-114.186166,10003,0.162
2020431,51.037757,-114.185270,10004,0.228
2020431,51.037934,-114.184404,10005,0.292
2020431,51.037899,-114.183790,10006,0.335
2020431,51.037807,-114.182844,10007,0.402
2020431,51.037642,-114.181351,10008,0.508
2020431,51.037478,-114.180204,10009,0.591
2020431,51.037195,-114.178643,10010,0.705
2020431,51.036934,-114.177448,10011,0.793
2020431,51.036789,-114.176743,10012,0.846
2020431,51.036721,-114.176228,10013,0.882
2020431,51.036664,-114.175518,10014,0.933
2020431,51.036643,-114.174979,10015,0.971
2020431,51.036702,-114.174002,10016,1.039
2020431,51.036788,-114.173338,10017,1.087
2020431,51.036878,-114.172856,10018,1.122
2020431,51.037095,-114.171957,10019,1.190
2020431,51.037475,-114.171015,10020,1.268
2020431,51.038129,-114.169510,10021,1.396
2020431,51.038129,-114.169510,20001,1.396
2020431,51.038166,-114.169426,20002,1.403
2020431,51.039177,-114.167006,20003,1.607
2020431,51.039542,-114.166533,20004,1.660
2020431,51.039768,-114.166201,20005,1.694
2020431,51.039893,-114.165863,20006,1.721
2020431,51.040022,-114.165351,20007,1.760
2020431,51.040054,-114.164925,20008,1.790
2020431,51.040072,-114.163944,20009,1.859
2020431,51.040038,-114.163230,20010,1.909
2020431,51.039969,-114.162771,20011,1.942
2020431,51.039803,-114.162170,20012,1.988
2020431,51.039635,-114.161769,20013,2.022
2020431,51.039416,-114.161346,20014,2.061
2020431,51.039206,-114.160975,20015,2.095
2020431,51.039083,-114.160769,20016,2.115
2020431,51.039016,-114.160720,20017,2.124
2020431,51.038140,-114.159065,20018,2.275
2020431,51.038023,-114.158726,20019,2.302
2020431,51.037947,-114.158347,20020,2.330
2020431,51.037896,-114.157980,20021,2.357
2020431,51.037888,-114.154548,20022,2.597
2020431,51.037892,-114.153581,20023,2.665
2020431,51.037892,-114.153581,30001,2.665
2020431,51.037894,-114.153185,30002,2.693
2020431,51.037860,-114.144671,30003,3.290
2020431,51.037898,-114.139929,30004,3.623
2020431,51.037896,-114.139106,30005,3.680
2020431,51.037947,-114.138828,30006,3.701
2020431,51.038121,-114.138482,30007,3.732
2020431,51.039108,-114.137552,30008,3.860
2020431,51.040418,-114.136527,30009,4.022
2020431,51.040480,-114.136459,30010,4.031
2020431,51.040480,-114.136459,40001,4.031
2020431,51.040896,-114.136010,40002,4.087
2020431,51.041183,-114.135579,40003,4.130
2020431,51.041435,-114.134893,40004,4.186
2020431,51.041538,-114.134369,40005,4.225
2020431,51.041536,-114.129171,40006,4.589
2020431,51.041543,-114.124182,40007,4.939
2020431,51.041543,-114.124182,50001,4.939
2020431,51.041543,-114.124033,50002,4.950
2020431,51.041505,-114.120273,50003,5.213
2020431,51.041581,-114.117860,50004,5.383
2020431,51.042005,-114.115608,50005,5.548
2020431,51.044857,-114.106558,50006,6.257
2020431,51.044611,-114.098814,50007,6.801
2020431,51.044611,-114.098814,60001,6.801
2020431,51.044596,-114.098343,60002,6.834
2020431,51.044586,-114.097977,60003,6.860
2020431,51.044536,-114.096469,60004,6.966
2020431,51.044539,-114.096329,60005,6.976
2020431,51.044571,-114.096106,60006,6.992
2020431,51.045083,-114.094079,60007,7.145
2020431,51.046599,-114.091477,60008,7.393
2020431,51.046969,-114.090832,60009,7.455
2020431,51.047082,-114.090575,60010,7.477
2020431,51.047181,-114.090278,60011,7.500
2020431,51.047209,-114.090065,60012,7.515
2020431,51.047217,-114.089914,60013,7.526
2020431,51.047152,-114.087680,60014,7.683
2020431,51.047152,-114.087680,70001,7.683
2020431,51.047100,-114.085893,70002,7.808
2020431,51.047087,-114.084544,70003,7.903
2020431,51.047079,-114.084241,70004,7.924
2020431,51.047089,-114.084090,70005,7.935
2020431,51.047092,-114.084079,70006,7.936
2020431,51.047104,-114.083917,70007,7.947
2020431,51.047080,-114.083076,70008,8.006
2020431,51.047062,-114.083018,70009,8.011
2020431,51.047051,-114.082954,70010,8.015
2020431,51.047039,-114.082855,70011,8.022
2020431,51.046979,-114.080753,70012,8.170
2020431,51.046979,-114.080753,80001,8.170
2020431,51.046811,-114.074856,80002,8.584
2020431,51.046811,-114.074856,90001,8.584
2020431,51.046642,-114.068902,90002,9.002
2020431,51.046642,-114.068902,100001,9.002
2020431,51.046424,-114.061239,100002,9.540
2020431,51.046424,-114.061239,110001,9.540
2020431,51.046295,-114.056723,110002,9.857
2020431,51.046295,-114.056723,120001,9.857
2020431,51.046287,-114.056443,120002,9.877
2020431,51.046277,-114.056168,120003,9.896
2020431,51.046277,-114.056107,120004,9.900
2020431,51.046276,-114.056087,120005,9.902
2020431,51.046266,-114.055788,120006,9.923
2020431,51.046260,-114.055571,120007,9.938
2020431,51.046239,-114.055029,120008,9.976
2020431,51.046233,-114.054772,120009,9.994
2020431,51.046217,-114.054145,120010,10.038
2020431,51.046215,-114.054060,120011,10.044
2020431,51.046209,-114.053832,120012,10.060
2020431,51.046216,-114.053732,120013,10.067
2020431,51.046222,-114.053646,120014,10.073
2020431,51.046238,-114.053545,120015,10.081
2020431,51.046253,-114.053444,120016,10.088
2020431,51.046287,-114.053342,120017,10.096
2020431,51.046321,-114.053254,120018,10.103
2020431,51.046354,-114.053166,120019,10.110
2020431,51.046406,-114.053078,120020,10.119
2020431,51.046467,-114.052988,120021,10.128
2020431,51.046519,-114.052928,120022,10.135
2020431,51.046598,-114.052851,120023,10.146
2020431,51.046678,-114.052803,120024,10.155
2020431,51.046714,-114.052787,120025,10.159
2020431,51.046767,-114.052755,120026,10.165
2020431,51.046865,-114.052749,120027,10.176
2020431,51.047144,-114.052717,120028,10.207
2020431,51.047718,-114.052680,120029,10.271
2020431,51.047799,-114.052661,120030,10.280
2020431,51.047870,-114.052642,120031,10.289
2020431,51.047950,-114.052608,120032,10.298
2020431,51.048012,-114.052562,120033,10.305
2020431,51.048074,-114.052515,120034,10.313
2020431,51.048196,-114.052365,120035,10.330
2020431,51.048335,-114.052156,120036,10.351
2020431,51.048983,-114.051116,120037,10.454
2020431,51.049233,-114.050686,120038,10.495
2020431,51.049327,-114.050495,120039,10.512
2020431,51.049370,-114.050406,120040,10.520
2020431,51.049412,-114.050289,120041,10.529
2020431,51.049454,-114.050187,120042,10.538
2020431,51.049530,-114.049982,120043,10.555
2020431,51.049587,-114.049750,120044,10.572
2020431,51.049612,-114.049649,120045,10.580
2020431,51.049636,-114.049533,120046,10.588
2020431,51.049660,-114.049432,120047,10.596
2020431,51.049684,-114.049316,120048,10.604
2020431,51.049706,-114.049115,120049,10.618
2020431,51.049729,-114.048956,120050,10.630
2020431,51.049749,-114.048698,120051,10.648
2020431,51.049747,-114.048584,120052,10.656
2020431,51.049752,-114.048441,120053,10.666
2020431,51.049741,-114.048000,120054,10.697
2020431,51.049728,-114.047829,120055,10.709
2020431,51.049706,-114.047688,120056,10.719
2020431,51.049662,-114.047391,120057,10.741
2020431,51.049589,-114.046982,120058,10.771
2020431,51.049528,-114.046700,120059,10.791
2020431,51.049426,-114.046222,120060,10.827
2020431,51.049385,-114.046010,120061,10.842
2020431,51.049353,-114.045841,120062,10.855
2020431,51.049322,-114.045657,120063,10.868
2020431,51.049300,-114.045502,120064,10.879
2020431,51.049287,-114.045331,120065,10.891
2020431,51.049242,-114.044992,120066,10.915
2020431,51.049215,-114.044651,120067,10.940
2020431,51.049200,-114.044053,120068,10.982
2020431,51.049189,-114.042883,120069,11.064
2020431,51.049190,-114.042598,120070,11.084
2020431,51.049173,-114.042285,120071,11.106
2020431,51.049143,-114.041773,120072,11.142
2020431,51.049127,-114.041503,120073,11.161
2020431,51.049103,-114.041276,120074,11.177
2020431,51.049068,-114.040964,120075,11.199
2020431,51.049034,-114.040681,120076,11.219
2020431,51.049001,-114.040455,120077,11.236
2020431,51.048925,-114.039932,120078,11.273
2020431,51.048833,-114.039495,120079,11.306
2020431,51.048793,-114.039341,120080,11.317
2020431,51.048762,-114.039200,120081,11.328
2020431,51.048750,-114.039155,120082,11.331
2020431,51.048750,-114.039155,130001,11.331
2020431,51.048723,-114.039060,130002,11.338
2020431,51.048674,-114.038920,130003,11.350
2020431,51.048635,-114.038780,130004,11.360
2020431,51.048577,-114.038613,130005,11.374
2020431,51.048367,-114.038058,130006,11.419
2020431,51.048289,-114.037855,130007,11.436
2020431,51.048149,-114.037467,130008,11.467
2020431,51.048100,-114.037316,130009,11.479
2020431,51.048045,-114.037134,130010,11.493
2020431,51.048001,-114.036965,130011,11.506
2020431,51.047956,-114.036776,130012,11.520
2020431,51.047915,-114.036564,130013,11.536
2020431,51.047873,-114.036310,130014,11.554
2020431,51.047852,-114.036149,130015,11.566
2020431,51.047840,-114.036031,130016,11.574
2020431,51.047822,-114.035807,130017,11.590
2020431,51.047810,-114.035534,130018,11.609
2020431,51.047806,-114.035211,130019,11.632
2020431,51.047846,-114.032112,130020,11.849
2020431,51.047838,-114.031679,130021,11.880
2020431,51.047827,-114.031369,130022,11.902
2020431,51.047820,-114.031233,130023,11.911
2020431,51.047806,-114.031020,130024,11.926
2020431,51.047780,-114.030675,130025,11.950
2020431,51.047744,-114.030346,130026,11.974
2020431,51.047700,-114.029985,130027,12.000
2020431,51.047661,-114.029711,130028,12.019
2020431,51.047590,-114.029250,130029,12.053
2020431,51.047543,-114.028964,130030,12.073
2020431,51.047526,-114.028845,130031,12.082
2020431,51.047495,-114.028651,130032,12.096
2020431,51.047487,-114.028582,130033,12.101
2020431,51.047460,-114.028414,130034,12.113
2020431,51.047433,-114.028203,130035,12.128
2020431,51.047421,-114.028122,130036,12.134
2020431,51.047372,-114.027695,130037,12.164
2020431,51.047348,-114.027439,130038,12.182
2020431,51.047316,-114.027023,130039,12.212
2020431,51.047297,-114.026685,130040,12.236
2020431,51.047284,-114.026323,130041,12.261
2020431,51.047277,-114.025876,130042,12.293
2020431,51.047283,-114.025499,130043,12.319
2020431,51.047283,-114.025499,140001,12.319
2020431,51.047286,-114.025290,140002,12.334
2020431,51.047304,-114.024856,140003,12.364
2020431,51.047338,-114.024296,140004,12.404
2020431,51.047358,-114.024038,140005,12.422
2020431,51.047386,-114.023741,140006,12.443
2020431,51.047417,-114.023456,140007,12.463
2020431,51.047449,-114.023185,140008,12.482
2020431,51.047488,-114.022883,140009,12.504
2020431,51.047832,-114.020542,140010,12.673
2020431,51.047937,-114.019817,140011,12.725
2020431,51.047973,-114.019548,140012,12.744
2020431,51.048013,-114.019190,140013,12.770
2020431,51.048040,-114.018914,140014,12.789
2020431,51.048075,-114.018488,140015,12.819
2020431,51.048092,-114.018242,140016,12.837
2020431,51.048108,-114.017878,140017,12.862
2020431,51.048120,-114.017475,140018,12.891
2020431,51.048123,-114.017222,140019,12.908
2020431,51.048123,-114.016830,140020,12.936
2020431,51.048111,-114.016404,140021,12.966
2020431,51.048095,-114.016085,140022,12.988
2020431,51.048068,-114.015735,140023,13.013
2020431,51.048025,-114.015336,140024,13.041
2020431,51.047992,-114.015077,140025,13.060
2020431,51.047944,-114.014764,140026,13.082
2020431,51.047885,-114.014432,140027,13.107
2020431,51.047815,-114.014101,140028,13.131
2020431,51.047727,-114.013733,140029,13.159
2020431,51.047644,-114.013429,140030,13.182
2020431,51.047546,-114.013101,140031,13.207
2020431,51.047357,-114.012541,140032,13.252
2020431,51.046961,-114.011421,140033,13.342
2020431,51.046854,-114.011121,140034,13.366
2020431,51.046743,-114.010830,140035,13.390
2020431,51.046375,-114.009905,140036,13.467
2020431,51.046293,-114.009690,140037,13.484
2020431,51.046217,-114.009478,140038,13.502
2020431,51.046116,-114.009186,140039,13.525
2020431,51.046047,-114.008980,140040,13.541
2020431,51.045941,-114.008647,140041,13.567
2020431,51.045810,-114.008194,140042,13.602
2020431,51.045694,-114.007762,140043,13.635
2020431,51.045642,-114.007552,140044,13.651
2020431,51.045542,-114.007120,140045,13.683
2020431,51.045465,-114.006760,140046,13.710
2020431,51.045444,-114.006648,140047,13.718
2020431,51.045444,-114.006648,150001,13.718
2020431,51.045404,-114.006444,150002,13.733
2020431,51.045312,-114.005909,150003,13.772
2020431,51.045279,-114.005692,150004,13.788
2020431,51.045248,-114.005475,150005,13.803
2020431,51.045221,-114.005262,150006,13.819
2020431,51.045173,-114.004837,150007,13.849
2020431,51.045152,-114.004621,150008,13.864
2020431,51.045119,-114.004192,150009,13.895
2020431,51.045105,-114.003979,150010,13.910
2020431,51.045089,-114.003622,150011,13.935
2020431,51.045077,-114.003199,150012,13.964
2020431,51.045074,-114.002805,150013,13.992
2020431,51.045079,-114.002448,150014,14.017
2020431,51.045091,-114.002058,150015,14.044
2020431,51.045109,-114.001703,150016,14.069
2020431,51.045129,-114.001411,150017,14.090
2020431,51.045155,-114.001088,150018,14.113
2020431,51.045209,-114.000603,150019,14.147
2020431,51.045262,-114.000183,150020,14.177
2020431,51.045293,-113.999964,150021,14.193
2020431,51.045339,-113.999680,150022,14.214
2020431,51.045398,-113.999350,150023,14.238
2020431,51.045461,-113.999025,150024,14.262
2020431,51.045528,-113.998714,150025,14.285
2020431,51.045617,-113.998334,150026,14.313
2020431,51.045719,-113.997943,150027,14.343
2020431,51.045828,-113.997561,150028,14.372
2020431,51.045931,-113.997232,150029,14.398
2020431,51.046020,-113.996962,150030,14.419
2020431,51.046084,-113.996775,150031,14.434
2020431,51.046145,-113.996609,150032,14.448
2020431,51.046216,-113.996422,150033,14.463
2020431,51.046350,-113.996082,150034,14.491
2020431,51.046500,-113.995730,150035,14.521
2020431,51.046572,-113.995571,150036,14.535
2020431,51.046732,-113.995235,150037,14.564
2020431,51.046884,-113.994936,150038,14.591
2020431,51.046950,-113.994813,150039,14.602
2020431,51.047050,-113.994632,150040,14.619
2020431,51.047050,-113.994632,160001,14.619
2020431,51.047185,-113.994388,160002,14.642
2020431,51.048095,-113.992777,160003,14.794
2020431,51.048214,-113.992583,160004,14.813
2020431,51.048437,-113.992232,160005,14.848
2020431,51.048512,-113.992109,160006,14.860
2020431,51.048599,-113.991959,160007,14.874
2020431,51.049160,-113.990965,160008,14.968
2020431,51.049402,-113.990520,160009,15.009
2020431,51.049692,-113.989979,160010,15.059
2020431,51.050020,-113.989373,160011,15.115
2020431,51.050222,-113.988991,160012,15.150
2020431,51.050339,-113.988760,160013,15.171
2020431,51.050438,-113.988555,160014,15.189
2020431,51.050530,-113.988356,160015,15.206
2020431,51.050711,-113.987936,160016,15.242
2020431,51.050873,-113.987529,160017,15.275
2020431,51.050960,-113.987295,160018,15.294
2020431,51.051036,-113.987082,160019,15.312
2020431,51.051172,-113.986671,160020,15.344
2020431,51.051234,-113.986470,160021,15.360
2020431,51.051311,-113.986203,160022,15.381
2020431,51.051372,-113.985984,160023,15.397
2020431,51.051441,-113.985718,160024,15.418
2020431,51.051498,-113.985485,160025,15.435
2020431,51.051554,-113.985244,160026,15.453
2020431,51.051792,-113.984118,160027,15.536
2020431,51.051828,-113.983956,160028,15.549
2020431,51.051877,-113.983755,160029,15.564
2020431,51.051920,-113.983601,160030,15.575
2020431,51.051960,-113.983470,160031,15.586
2020431,51.052054,-113.983202,160032,15.607
2020431,51.052154,-113.982973,160033,15.627
2020431,51.052265,-113.982760,160034,15.646
2020431,51.052388,-113.982561,160035,15.665
2020431,51.052520,-113.982381,160036,15.685
2020431,51.052662,-113.982219,160037,15.704
2020431,51.052812,-113.982077,160038,15.724
2020431,51.052969,-113.981955,160039,15.743
2020431,51.053132,-113.981856,160040,15.763
2020431,51.053300,-113.981778,160041,15.782
2020431,51.053472,-113.981724,160042,15.802
2020431,51.053617,-113.981695,160043,15.818
2020431,51.053722,-113.981682,160044,15.830
2020431,51.053844,-113.981674,160045,15.843
2020431,51.054373,-113.981671,160046,15.902
2020431,51.056619,-113.981674,160047,16.152
2020431,51.056824,-113.981669,160048,16.175
2020431,51.057230,-113.981633,160049,16.220
2020431,51.057443,-113.981624,160050,16.244
2020431,51.057906,-113.981623,160051,16.295
2020431,51.058990,-113.981624,160052,16.416
2020431,51.058990,-113.981624,170001,16.416
2020431,51.059072,-113.981624,170002,16.425
2020431,51.059193,-113.981628,170003,16.438
2020431,51.059530,-113.981657,170004,16.476
2020431,51.059711,-113.981669,170005,16.496
2020431,51.059993,-113.981675,170006,16.527
2020431,51.060405,-113.981674,170007,16.573
2020431,51.062654,-113.981676,170008,16.823
2020431,51.065687,-113.981674,170009,17.161
2020431,51.073662,-113.981686,170010,18.048
2020431,51.073958,-113.981684,170011,18.081
2020431,51.074195,-113.981672,170012,18.108
2020431,51.074592,-113.981642,170013,18.152
2020431,51.074727,-113.981637,170014,18.167
2020431,51.075190,-113.981637,170015,18.218
2020431,51.075190,-113.981637,180001,18.218
2020431,51.075896,-113.981637,180002,18.297
2020431,51.076675,-113.981640,180003,18.384
2020431,51.076800,-113.981643,180004,18.398
2020431,51.077245,-113.981683,180005,18.447
2020431,51.077341,-113.981687,180006,18.458
2020431,51.077537,-113.981690,180007,18.480
2020431,51.083413,-113.981691,180008,19.133
2020431,51.083613,-113.981692,180009,19.156
2020431,51.083676,-113.981693,180010,19.163
2020431,51.083689,-113.981690,180011,19.164
2020431,51.084247,-113.981691,180012,19.226
2020431,51.084438,-113.981681,180013,19.247
2020431,51.084898,-113.981647,180014,19.299
2020431,51.085244,-113.981640,180015,19.337
2020431,51.086668,-113.981640,180016,19.496
2020431,51.086872,-113.981643,180017,19.518
2020431,51.087000,-113.981647,180018,19.532
2020431,51.087000,-113.981647,190001,19.532
2020431,51.087012,-113.981648,190002,19.534
2020431,51.087378,-113.981678,190003,19.575
2020431,51.087540,-113.981688,190004,19.593
2020431,51.087699,-113.981692,190005,19.610
2020431,51.088243,-113.981694,190006,19.671
2020431,51.089058,-113.981669,190007,19.762
2020431,51.089389,-113.981665,190008,19.798
2020431,51.089640,-113.981668,190009,19.826
2020431,51.090275,-113.981687,190010,19.897
2020431,51.090851,-113.981695,190011,19.961
2020431,51.094651,-113.981697,190012,20.384
2020431,51.095019,-113.981692,190013,20.425
2020431,51.095331,-113.981683,190014,20.460
2020431,51.100658,-113.981710,190015,21.052
2020431,51.101192,-113.981703,190016,21.112
2020431,51.101378,-113.981688,190017,21.132
2020431,51.101564,-113.981660,190018,21.153
2020431,51.101734,-113.981626,190019,21.172
2020431,51.101902,-113.981581,190020,21.191
2020431,51.102069,-113.981524,190021,21.210
2020431,51.102217,-113.981467,190022,21.227
2020431,51.102364,-113.981402,190023,21.244
2020431,51.102509,-113.981329,190024,21.261
2020431,51.102893,-113.981124,190025,21.306
2020431,51.103486,-113.980804,190026,21.376
2020431,51.104125,-113.980464,190027,21.451
2020431,51.104694,-113.980157,190028,21.518
2020431,51.104961,-113.980020,190029,21.549
2020431,51.105225,-113.979874,190030,21.580
2020431,51.105487,-113.979719,190031,21.611
2020431,51.105628,-113.979627,190032,21.628
2020431,51.105766,-113.979528,190033,21.645
2020431,51.105902,-113.979424,190034,21.662
2020431,51.106092,-113.979260,190035,21.686
2020431,51.106275,-113.979082,190036,21.710
2020431,51.106454,-113.978893,190037,21.734
2020431,51.106563,-113.978769,190038,21.748
2020431,51.106670,-113.978642,190039,21.763
2020431,51.107959,-113.977081,190040,21.944
2020431,51.108530,-113.976395,190041,22.023
2020431,51.109537,-113.975173,190042,22.164
2020431,51.109537,-113.975173,200001,22.164
2020431,51.109916,-113.974714,200002,22.217
2020431,51.110165,-113.974433,200003,22.251
2020431,51.110291,-113.974295,200004,22.268
2020431,51.112658,-113.971997,200005,22.577
2020431,51.115338,-113.970235,200006,22.900
2020431,51.117052,-113.969037,200007,23.108
2020431,51.117435,-113.967997,200008,23.193
2020431,51.117435,-113.967997,210001,23.193
2020431,51.119111,-113.963457,210002,23.561
2020431,51.120855,-113.956167,210003,24.107
2020431,51.122835,-113.952406,210004,24.451
2020431,51.124216,-113.949857,210005,24.686
2020431,51.125780,-113.948292,210006,24.892
2020434,51.125876,-113.948311,10001,0.000
2020434,51.125075,-113.949107,10002,0.105
2020434,51.124265,-113.949914,10003,0.212
2020434,51.121083,-113.955899,10004,0.760
2020434,51.120910,-113.956198,10005,0.789
2020434,51.119164,-113.963483,10006,1.335
2020434,51.117771,-113.967266,10007,1.641
2020434,51.117728,-113.967382,10008,1.651
2020434,51.117728,-113.967382,20001,1.651
2020434,51.117450,-113.968134,20002,1.712
2020434,51.117074,-113.969082,20003,1.790
2020434,51.115182,-113.970411,20004,2.021
2020434,51.114401,-113.970919,20005,2.114
2020434,51.113121,-113.971763,20006,2.269
2020434,51.112700,-113.972032,20007,2.319
2020434,51.112184,-113.972541,20008,2.387
2020434,51.110340,-113.974396,20009,2.630
2020434,51.109583,-113.975316,20010,2.736
2020434,51.109583,-113.975316,30001,2.736
2020434,51.108574,-113.976540,30002,2.877
2020434,51.108018,-113.977212,30003,2.954
2020434,51.107001,-113.978440,30004,3.097
2020434,51.106782,-113.978689,30005,3.127
2020434,51.106557,-113.978922,30006,3.156
2020434,51.106326,-113.979142,30007,3.186
2020434,51.106051,-113.979380,30008,3.221
2020434,51.105768,-113.979598,30009,3.256
2020434,51.105480,-113.979796,30010,3.291
2020434,51.105280,-113.979922,30011,3.315
2020434,51.105077,-113.980039,30012,3.339
2020434,51.104558,-113.980313,30013,3.400
2020434,51.103226,-113.981026,30014,3.556
2020434,51.102997,-113.981152,30015,3.583
2020434,51.102610,-113.981360,30016,3.629
2020434,51.102477,-113.981429,30017,3.644
2020434,51.102356,-113.981488,30018,3.658
2020434,51.102209,-113.981556,30019,3.675
2020434,51.101999,-113.981633,30020,3.699
2020434,51.101787,-113.981692,30021,3.723
2020434,51.101572,-113.981735,30022,3.748
2020434,51.101383,-113.981757,30023,3.768
2020434,51.101195,-113.981768,30024,3.789
2020434,51.101006,-113.981768,30025,3.811
2020434,51.100659,-113.981772,30026,3.849
2020434,51.095336,-113.981774,30027,4.441
2020434,51.094640,-113.981760,30028,4.519
2020434,51.093902,-113.981760,30029,4.601
2020434,51.092993,-113.981763,30030,4.702
2020434,51.092908,-113.981767,30031,4.712
2020434,51.092571,-113.981766,30032,4.749
2020434,51.092392,-113.981762,30033,4.769
2020434,51.091869,-113.981760,30034,4.827
2020434,51.090630,-113.981757,30035,4.965
2020434,51.090321,-113.981750,30036,4.999
2020434,51.089769,-113.981734,30037,5.061
2020434,51.089443,-113.981728,30038,5.097
2020434,51.088947,-113.981736,30039,5.152
2020434,51.088394,-113.981749,30040,5.214
2020434,51.087850,-113.981753,30041,5.274
2020434,51.087681,-113.981762,30042,5.293
2020434,51.087230,-113.981795,30043,5.343
2020434,51.087007,-113.981801,30044,5.368
2020434,51.087007,-113.981801,40001,5.368
2020434,51.086991,-113.981802,40002,5.370
2020434,51.085054,-113.981800,40003,5.585
2020434,51.084875,-113.981793,40004,5.605
2020434,51.084383,-113.981755,40005,5.660
2020434,51.084236,-113.981750,40006,5.676
2020434,51.083976,-113.981749,40007,5.705
2020434,51.083019,-113.981748,40008,5.812
2020434,51.077721,-113.981748,40009,6.401
2020434,51.077523,-113.981752,40010,6.423
2020434,51.077088,-113.981785,40011,6.472
2020434,51.076877,-113.981797,40012,6.495
2020434,51.076608,-113.981799,40013,6.525
2020434,51.075168,-113.981795,40014,6.685
2020434,51.075168,-113.981795,50001,6.685
2020434,51.074523,-113.981795,50002,6.757
2020434,51.073961,-113.981751,50003,6.820
2020434,51.073877,-113.981747,50004,6.829
2020434,51.073287,-113.981744,50005,6.895
2020434,51.066713,-113.981732,50006,7.626
2020434,51.060073,-113.981732,50007,8.365
2020434,51.059746,-113.981737,50008,8.401
2020434,51.059279,-113.981775,50009,8.453
2020434,51.059119,-113.981782,50010,8.471
2020434,51.058996,-113.981783,50011,8.485
2020434,51.058996,-113.981783,60001,8.485
2020434,51.057929,-113.981784,60002,8.604
2020434,51.057349,-113.981779,60003,8.668
2020434,51.057266,-113.981776,60004,8.677
2020434,51.056820,-113.981738,60005,8.727
2020434,51.056638,-113.981732,60006,8.747
2020434,51.054196,-113.981729,60007,9.019
2020434,51.053950,-113.981732,60008,9.046
2020434,51.053753,-113.981746,60009,9.068
2020434,51.053578,-113.981765,60010,9.088
2020434,51.053483,-113.981785,60011,9.098
2020434,51.053398,-113.981809,60012,9.108
2020434,51.053231,-113.981873,60013,9.127
2020434,51.053067,-113.981960,60014,9.146
2020434,51.052909,-113.982069,60015,9.166
2020434,51.052757,-113.982199,60016,9.185
2020434,51.052613,-113.982350,60017,9.204
2020434,51.052477,-113.982520,60018,9.223
2020434,51.052351,-113.982706,60019,9.242
2020434,51.052236,-113.982911,60020,9.262
2020434,51.052133,-113.983129,60021,9.281
2020434,51.052041,-113.983362,60022,9.300
2020434,51.052016,-113.983432,60023,9.306
2020434,51.051966,-113.983591,60024,9.318
2020434,51.051916,-113.983766,60025,9.332
2020434,51.051818,-113.984180,60026,9.363
2020434,51.051604,-113.985191,60027,9.437
2020434,51.051516,-113.985571,60028,9.466
2020434,51.051441,-113.985872,60029,9.489
2020434,51.051353,-113.986198,60030,9.513
2020434,51.051271,-113.986479,60031,9.535
2020434,51.051177,-113.986781,60032,9.559
2020434,51.051087,-113.987054,60033,9.580
2020434,51.050975,-113.987370,60034,9.606
2020434,51.050875,-113.987634,60035,9.627
2020434,51.050755,-113.987935,60036,9.652
2020434,51.050622,-113.988247,60037,9.679
2020434,51.050510,-113.988497,60038,9.700
2020434,51.050357,-113.988816,60039,9.728
2020434,51.050202,-113.989118,60040,9.756
2020434,51.049722,-113.990011,60041,9.838
2020434,51.049481,-113.990459,60042,9.879
2020434,51.048538,-113.992209,60043,10.041
2020434,51.048264,-113.992711,60044,10.087
2020434,51.047109,-113.994761,60045,10.280
2020434,51.047109,-113.994761,70001,10.280
2020434,51.046989,-113.994975,70002,10.300
2020434,51.046857,-113.995219,70003,10.323
2020434,51.046733,-113.995456,70004,10.344
2020434,51.046620,-113.995685,70005,10.365
2020434,51.046515,-113.995910,70006,10.384
2020434,51.046404,-113.996157,70007,10.406
2020434,51.046306,-113.996387,70008,10.425
2020434,51.046218,-113.996604,70009,10.443
2020434,51.046133,-113.996827,70010,10.461
2020434,51.046005,-113.997187,70011,10.491
2020434,51.045886,-113.997550,70012,10.519
2020434,51.045804,-113.997820,70013,10.540
2020434,51.045711,-113.998154,70014,10.566
2020434,51.045619,-113.998508,70015,10.593
2020434,51.045529,-113.998898,70016,10.622
2020434,51.045466,-113.999203,70017,10.644
2020434,51.045408,-113.999512,70018,10.667
2020434,51.045356,-113.999812,70019,10.689
2020434,51.045307,-114.000145,70020,10.713
2020434,51.045275,-114.000388,70021,10.730
2020434,51.045242,-114.000674,70022,10.751
2020434,51.045206,-114.001029,70023,10.776
2020434,51.045181,-114.001346,70024,10.798
2020434,51.045160,-114.001697,70025,10.823
2020434,51.045145,-114.002036,70026,10.847
2020434,51.045141,-114.002235,70027,10.861
2020434,51.045138,-114.002459,70028,10.876
2020434,51.045139,-114.002867,70029,10.905
2020434,51.045151,-114.003291,70030,10.935
2020434,51.045164,-114.003576,70031,10.955
2020434,51.045179,-114.003826,70032,10.972
2020434,51.045204,-114.004163,70033,10.996
2020434,51.045234,-114.004497,70034,11.020
2020434,51.045296,-114.005067,70035,11.060
2020434,51.045329,-114.005322,70036,11.079
2020434,51.045372,-114.005629,70037,11.101
2020434,51.045414,-114.005901,70038,11.120
2020434,51.045501,-114.006398,70039,11.156
2020434,51.045540,-114.006601,70040,11.171
2020434,51.045540,-114.006601,80001,11.171
2020434,51.045555,-114.006681,80002,11.177
2020434,51.045622,-114.007004,80003,11.201
2020434,51.045714,-114.007402,80004,11.231
2020434,51.045788,-114.007704,80005,11.253
2020434,51.045901,-114.008121,80006,11.285
2020434,51.045985,-114.008417,80007,11.308
2020434,51.046071,-114.008706,80008,11.330
2020434,51.046233,-114.009216,80009,11.370
2020434,51.046352,-114.009575,80010,11.399
2020434,51.046650,-114.010428,80011,11.467
2020434,51.047650,-114.013257,80012,11.695
2020434,51.047758,-114.013583,80013,11.721
2020434,51.047853,-114.013896,80014,11.745
2020434,51.047943,-114.014230,80015,11.771
2020434,51.048017,-114.014532,80016,11.793
2020434,51.048080,-114.014822,80017,11.815
2020434,51.048136,-114.015108,80018,11.836
2020434,51.048190,-114.015434,80019,11.859
2020434,51.048250,-114.015867,80020,11.890
2020434,51.048288,-114.016199,80021,11.914
2020434,51.048317,-114.016553,80022,11.939
2020434,51.048336,-114.016876,80023,11.962
2020434,51.048349,-114.017231,80024,11.987
2020434,51.048354,-114.017529,80025,12.008
2020434,51.048350,-114.017858,80026,12.031
2020434,51.048334,-114.018319,80027,12.063
2020434,51.048315,-114.018628,80028,12.085
2020434,51.048287,-114.018997,80029,12.111
2020434,51.048250,-114.019370,80030,12.137
2020434,51.048205,-114.019747,80031,12.164
2020434,51.048157,-114.020084,80032,12.188
2020434,51.048092,-114.020482,80033,12.217
2020434,51.047998,-114.020971,80034,12.253
2020434,51.047851,-114.021666,80035,12.305
2020434,51.047765,-114.022097,80036,12.336
2020434,51.047701,-114.022445,80037,12.362
2020434,51.047636,-114.022845,80038,12.391
2020434,51.047582,-114.023223,80039,12.418
2020434,51.047535,-114.023587,80040,12.444
2020434,51.047488,-114.024017,80041,12.474
2020434,51.047470,-114.024215,80042,12.488
2020434,51.047433,-114.024677,80043,12.521
2020434,51.047417,-114.024921,80044,12.538
2020434,51.047402,-114.025224,80045,12.560
2020434,51.047391,-114.025529,80046,12.581
2020434,51.047391,-114.025529,90001,12.581
2020434,51.047388,-114.025629,90002,12.588
2020434,51.047383,-114.025976,90003,12.612
2020434,51.047385,-114.026300,90004,12.635
2020434,51.047398,-114.026793,90005,12.670
2020434,51.047406,-114.026962,90006,12.681
2020434,51.047428,-114.027316,90007,12.706
2020434,51.047464,-114.027752,90008,12.737
2020434,51.047513,-114.028204,90009,12.769
2020434,51.047721,-114.029857,90010,12.888
2020434,51.047796,-114.030473,90011,12.932
2020434,51.047840,-114.030907,90012,12.963
2020434,51.047876,-114.031405,90013,12.998
2020434,51.047895,-114.031804,90014,13.026
2020434,51.047905,-114.032118,90015,13.048
2020434,51.047905,-114.032601,90016,13.082
2020434,51.047894,-114.033137,90017,13.119
2020434,51.047850,-114.034805,90018,13.236
2020434,51.047846,-114.035165,90019,13.261
2020434,51.047847,-114.035386,90020,13.277
2020434,51.047859,-114.035733,90021,13.301
2020434,51.047883,-114.036044,90022,13.323
2020434,51.047907,-114.036249,90023,13.338
2020434,51.047918,-114.036331,90024,13.344
2020434,51.047969,-114.036628,90025,13.366
2020434,51.047988,-114.036724,90026,13.373
2020434,51.048035,-114.036922,90027,13.387
2020434,51.048090,-114.037135,90028,13.404
2020434,51.048188,-114.037449,90029,13.428
2020434,51.048239,-114.037597,90030,13.440
2020434,51.048328,-114.037838,90031,13.460
2020434,51.048626,-114.038614,90032,13.523
2020434,51.048790,-114.039053,90033,13.559
2020434,51.048807,-114.039102,90034,13.563
2020434,51.048807,-114.039102,100001,13.563
2020434,51.048838,-114.039192,100002,13.570
2020434,51.048922,-114.039484,100003,13.593
2020434,51.048963,-114.039642,100004,13.605
2020434,51.049056,-114.040132,100005,13.640
2020434,51.049084,-114.040314,100006,13.654
2020434,51.049129,-114.040638,100007,13.677
2020434,51.049154,-114.040833,100008,13.691
2020434,51.049203,-114.041275,100009,13.722
2020434,51.049229,-114.041571,100010,13.743
2020434,51.049256,-114.041918,100011,13.768
2020434,51.049272,-114.042248,100012,13.791
2020434,51.049281,-114.042482,100013,13.807
2020434,51.049283,-114.042757,100014,13.827
2020434,51.049280,-114.043009,100015,13.844
2020434,51.049254,-114.043832,100016,13.902
2020434,51.049249,-114.044209,100017,13.929
2020434,51.049254,-114.044490,100018,13.948
2020434,51.049264,-114.044701,100019,13.963
2020434,51.049276,-114.044894,100020,13.977
2020434,51.049292,-114.045068,100021,13.989
2020434,51.049314,-114.045278,100022,14.004
2020434,51.049342,-114.045498,100023,14.020
2020434,51.049374,-114.045720,100024,14.036
2020434,51.049404,-114.045898,100025,14.049
2020434,51.049468,-114.046230,100026,14.073
2020434,51.049662,-114.047161,100027,14.142
2020434,51.049707,-114.047412,100028,14.160
2020434,51.049738,-114.047613,100029,14.175
2020434,51.049763,-114.047810,100030,14.189
2020434,51.049782,-114.048030,100031,14.204
2020434,51.049792,-114.048230,100032,14.218
2020434,51.049795,-114.048456,100033,14.234
2020434,51.049791,-114.048613,100034,14.245
2020434,51.049784,-114.048756,100035,14.255
2020434,51.049771,-114.048928,100036,14.268
2020434,51.049755,-114.049082,100037,14.278
2020434,51.049734,-114.049230,100038,14.289
2020434,51.049701,-114.049431,100039,14.303
2020434,51.049642,-114.049710,100040,14.324
2020434,51.049587,-114.049914,100041,14.340
2020434,51.049557,-114.050016,100042,14.348
2020434,51.049467,-114.050275,100043,14.368
2020434,51.049426,-114.050378,100044,14.377
2020434,51.049351,-114.050549,100045,14.392
2020434,51.049211,-114.050823,100046,14.416
2020434,51.049029,-114.051136,100047,14.446
2020434,51.048817,-114.051470,100048,14.479
2020434,51.048316,-114.052277,100049,14.559
2020434,51.048254,-114.052368,100050,14.568
2020434,51.048145,-114.052509,100051,14.584
2020434,51.048082,-114.052570,100052,14.592
2020434,51.048010,-114.052630,100053,14.601
2020434,51.047954,-114.052665,100054,14.608
2020434,51.047898,-114.052692,100055,14.614
2020434,51.047810,-114.052720,100056,14.624
2020434,51.047756,-114.052732,100057,14.630
2020434,51.047678,-114.052741,100058,14.639
2020434,51.047487,-114.052755,100059,14.660
2020434,51.047363,-114.052769,100060,14.674
2020434,51.047100,-114.052777,100061,14.703
2020434,51.046831,-114.052808,100062,14.733
2020434,51.046768,-114.052826,100063,14.740
2020434,51.046679,-114.052860,100064,14.751
2020434,51.046626,-114.052892,100065,14.757
2020434,51.046564,-114.052939,100066,14.764
2020434,51.046530,-114.052984,100067,14.770
2020434,51.046460,-114.053074,100068,14.780
2020434,51.046416,-114.053134,100069,14.786
2020434,51.046374,-114.053222,100070,14.794
2020434,51.046332,-114.053339,100071,14.803
2020434,51.046290,-114.053456,100072,14.813
2020434,51.046266,-114.053572,100073,14.821
2020434,51.046251,-114.053701,100074,14.830
2020434,51.046245,-114.053830,100075,14.839
2020434,51.046277,-114.054755,100076,14.904
2020434,51.046284,-114.055026,100077,14.923
2020434,51.046304,-114.055868,100078,14.982
2020434,51.046310,-114.056134,100079,15.001
2020434,51.046314,-114.056197,100080,15.005
2020434,51.046321,-114.056462,100081,15.024
2020434,51.046329,-114.056721,100082,15.042
2020434,51.046329,-114.056721,110001,15.042
2020434,51.046548,-114.064384,110002,15.580
2020434,51.046548,-114.064384,120001,15.580
2020434,51.046777,-114.072418,120002,16.144
2020434,51.046777,-114.072418,130001,16.144
2020434,51.047074,-114.082843,130002,16.876
2020434,51.047076,-114.082860,130003,16.877
2020434,51.047080,-114.083076,130004,16.893
2020434,51.047104,-114.083917,130005,16.952
2020434,51.047092,-114.084079,130006,16.963
2020434,51.047105,-114.084179,130007,16.970
2020434,51.047114,-114.084270,130008,16.977
2020434,51.047104,-114.083917,130009,17.001
2020434,51.047080,-114.083076,130010,17.060
2020434,51.047076,-114.082860,130011,17.076
2020434,51.047074,-114.082843,130012,17.077
2020434,51.046935,-114.077974,130013,17.419
2020434,51.046935,-114.077974,140001,17.419
2020434,51.047074,-114.082843,140002,17.760
2020434,51.047076,-114.082860,140003,17.762
2020434,51.047080,-114.083076,140004,17.777
2020434,51.047104,-114.083917,140005,17.836
2020434,51.047114,-114.084270,140006,17.861
2020434,51.047159,-114.085893,140007,17.974
2020434,51.047208,-114.087699,140008,18.101
2020434,51.047208,-114.087699,150001,18.101
2020434,51.047267,-114.089921,150002,18.257
2020434,51.047246,-114.090104,150003,18.270
2020434,51.047237,-114.090224,150004,18.279
2020434,51.047190,-114.090378,150005,18.291
2020434,51.047107,-114.090613,150006,18.310
2020434,51.047019,-114.090850,150007,18.329
2020434,51.045122,-114.094137,150008,18.642
2020434,51.044621,-114.096123,150009,18.791
2020434,51.044595,-114.096346,150010,18.807
2020434,51.044587,-114.096517,150011,18.820
2020434,51.044624,-114.097899,150012,18.916
2020434,51.044699,-114.100223,150013,19.080
2020434,51.044699,-114.100223,160001,19.080
2020434,51.044790,-114.103057,160002,19.279
2020434,51.044902,-114.106419,160003,19.515
2020434,51.044904,-114.106496,160004,19.520
2020434,51.044896,-114.106587,160005,19.527
2020434,51.044853,-114.106757,160006,19.540
2020434,51.044129,-114.109015,160007,19.717
2020434,51.042052,-114.115578,160008,20.232
2020434,51.041616,-114.117919,160009,20.404
2020434,51.041545,-114.120305,160010,20.571
2020434,51.041558,-114.123661,160011,20.806
2020434,51.041571,-114.124258,160012,20.848
2020434,51.041571,-114.124258,170001,20.848
2020434,51.041574,-114.124401,170002,20.858
2020434,51.041577,-114.134340,170003,21.555
2020434,51.041545,-114.134554,170004,21.571
2020434,51.041476,-114.134894,170005,21.596
2020434,51.041328,-114.135329,170006,21.631
2020434,51.041201,-114.135672,170007,21.659
2020434,51.040890,-114.136120,170008,21.705
2020434,51.040528,-114.136557,170009,21.756
2020434,51.040528,-114.136557,180001,21.756
2020434,51.040456,-114.136643,180002,21.766
2020434,51.039107,-114.137588,180003,21.930
2020434,51.038461,-114.138203,180004,22.014
2020434,51.038130,-114.138521,180005,22.057
2020434,51.037965,-114.138854,180006,22.087
2020434,51.037919,-114.139148,180007,22.108
2020434,51.037917,-114.139485,180008,22.131
2020434,51.037905,-114.141538,180009,22.275
2020434,51.037888,-114.144204,180010,22.462
2020434,51.037892,-114.146716,180011,22.639
2020434,51.037897,-114.148501,180012,22.764
2020434,51.037902,-114.149710,180013,22.849
2020434,51.037907,-114.151118,180014,22.947
2020434,51.037907,-114.151843,180015,22.998
2020434,51.037908,-114.153369,180016,23.105
2020434,51.037908,-114.153369,190001,23.105
2020434,51.037908,-114.154585,190002,23.191
2020434,51.037924,-114.158015,190003,23.431
2020434,51.037954,-114.158250,190004,23.448
2020434,51.038042,-114.158720,190005,23.482
2020434,51.038151,-114.159035,190006,23.508
2020434,51.039022,-114.160681,190007,23.658
2020434,51.039095,-114.160731,190008,23.667
2020434,51.039176,-114.160872,190009,23.680
2020434,51.039342,-114.161152,190010,23.707
2020434,51.039615,-114.161664,190011,23.755
2020434,51.039820,-114.162149,190012,23.796
2020434,51.040006,-114.162835,190013,23.848
2020434,51.040067,-114.163344,190014,23.884
2020434,51.040088,-114.163849,190015,23.920
2020434,51.040084,-114.164859,190016,23.991
2020434,51.040039,-114.165383,190017,24.028
2020434,51.039911,-114.165874,190018,24.065
2020434,51.039784,-114.166219,190019,24.093
2020434,51.039756,-114.166259,190020,24.097
2020434,51.039570,-114.166546,190021,24.126
2020434,51.039275,-114.166923,190022,24.168
2020434,51.039187,-114.167051,190023,24.182
2020434,51.038825,-114.167905,190024,24.254
2020434,51.038635,-114.168353,190025,24.292
2020434,51.038300,-114.169154,190026,24.359
2020434,51.038179,-114.169470,190027,24.385
2020434,51.038137,-114.169569,190028,24.393
2020434,51.038137,-114.169569,200001,24.393
2020434,51.037456,-114.171147,200002,24.527
2020434,51.037115,-114.172000,200003,24.598
2020434,51.036930,-114.172769,200004,24.656
2020434,51.036820,-114.173304,200005,24.695
2020434,51.036733,-114.173947,200006,24.741
2020434,51.036694,-114.174578,200007,24.786
2020434,51.036674,-114.174860,200008,24.806
2020434,51.036681,-114.175173,200009,24.828
2020434,51.036708,-114.175722,200010,24.866
2020434,51.036763,-114.176325,200011,24.909
2020434,51.036837,-114.176829,200012,24.945
2020434,51.036952,-114.177372,200013,24.986
2020434,51.037044,-114.177789,200014,25.017
2020434,51.037228,-114.178642,200015,25.080
2020434,51.037393,-114.179551,200016,25.146
2020434,51.037496,-114.180107,200017,25.187
2020434,51.037660,-114.181275,200018,25.271
2020434,51.037772,-114.182231,200019,25.339
2020434,51.037869,-114.183177,200020,25.406
2020434,51.037936,-114.183941,200021,25.460
2020434,51.037961,-114.184416,200022,25.494
2020434,51.037833,-114.185077,200023,25.542
2020434,51.037616,-114.186198,200024,25.625
2020434,51.037584,-114.187141,200025,25.691
2020434,51.037578,-114.188017,200026,25.752
2020434,51.037573,-114.188485,200027,25.785
