trip_id,arrival_time,departure_time,stop_id,stop_sequence,pickup_type,drop_off_type,shape_dist_traveled,timepoint
73886700,25:16:00,25:16:00,3627,1,0,0,0.000,1
73886700,25:18:00,25:18:00,3629,2,0,0,1.396,1
73886700,25:20:00,25:20:00,3631,3,0,0,2.665,1
73886700,25:22:00,25:22:00,3633,4,0,0,4.030,1
73886700,25:24:00,25:24:00,3635,5,0,0,4.939,1
73886700,25:27:00,25:27:00,3637,6,0,0,6.801,1
73886700,25:29:00,25:29:00,3639,7,0,0,7.683,1
73886700,25:31:00,25:31:00,6827,8,0,0,8.170,1
73886700,25:32:00,25:32:00,6828,9,0,0,8.584,0
73886700,25:34:00,25:34:00,6829,10,0,0,9.002,0
73886700,25:36:00,25:36:00,6830,11,0,0,9.540,0
73886700,25:37:00,25:37:00,6831,12,0,0,9.857,1
73886700,25:40:00,25:40:00,6814,13,0,0,11.332,1
73886700,25:42:00,25:42:00,6813,14,0,0,12.319,1
73886700,25:44:00,25:44:00,6812,15,0,0,13.719,1
73886700,25:46:00,25:46:00,6811,16,0,0,14.620,1
73886700,25:48:00,25:48:00,6810,17,0,0,16.416,1
73886700,25:51:00,25:51:00,6809,18,0,0,18.219,1
73886700,25:53:00,25:53:00,9385,19,0,0,19.533,1
73886700,25:56:00,25:56:00,9896,20,0,0,22.165,1
73886700,25:58:00,25:58:00,9396,21,0,0,23.193,1
73886700,26:00:00,26:00:00,9398,22,0,0,24.892,1
73886714,24:23:00,24:23:00,9781,1,0,0,0.000,1
73886714,24:25:00,24:25:00,6747,2,0,0,1.653,1
73886714,24:27:00,24:27:00,9897,3,0,0,2.738,1
73886714,24:30:00,24:30:00,6808,4,0,0,5.371,1
73886714,24:32:00,24:32:00,8572,5,0,0,6.688,1
73886714,24:34:00,24:34:00,8571,6,0,0,8.488,1
73886714,24:36:00,24:36:00,8570,7,0,0,10.283,1
73886714,24:38:00,24:38:00,8569,8,0,0,11.175,1
73886714,24:40:00,24:40:00,8568,9,0,0,12.585,1
73886714,24:42:00,24:42:00,8567,10,0,0,13.567,1
73886714,24:46:00,24:46:00,6822,11,0,0,15.047,1
73886714,24:48:00,24:48:00,6823,12,0,0,15.585,0
73886714,24:50:00,24:50:00,6824,13,0,0,16.149,0
73886714,24:52:00,24:52:00,6825,14,0,0,16.539,1
73886714,24:54:00,24:54:00,3638,15,0,0,17.221,1
73886714,24:56:00,24:56:00,3636,16,0,0,18.200,1
73886714,24:58:00,24:58:00,3634,17,0,0,19.969,1
73886714,25:00:00,25:00:00,3632,18,0,0,20.876,1
73886714,25:02:00,25:02:00,3630,19,0,0,22.226,1
73886714,25:04:00,25:04:00,3628,20,0,0,23.514,1
73886714,25:06:00,25:06:00,3626,21,0,0,24.906,1
73886787,17:29:00,17:29:00,3641,1,0,0,0.000,1
73886787,17:32:00,17:32:00,3817,2,0,0,2.398,1
73886787,17:36:00,17:36:00,3960,3,0,0,6.263,1
73886787,17:39:00,17:39:00,6815,4,0,0,9.070,1
73886787,17:41:00,17:41:00,8566,5,0,0,10.005,1
73886787,17:43:00,17:43:00,8565,6,0,0,11.144,1
73886787,17:46:00,17:46:00,8564,7,0,0,12.425,1
73886787,17:48:00,17:48:00,8563,8,0,0,13.322,1
73886787,17:50:00,17:50:00,8562,9,0,0,14.323,1
73886787,17:54:00,17:54:00,6827,10,0,0,15.551,1
73886787,17:56:00,17:56:00,6828,11,0,0,15.965,0
73886787,17:57:00,17:57:00,6829,12,0,0,16.383,0
73886787,18:00:00,18:00:00,6830,13,0,0,16.921,0
73886787,18:01:00,18:01:00,6831,14,0,0,17.238,1
73886787,18:03:00,18:03:00,8556,15,0,0,18.266,1
73886787,18:05:00,18:05:00,8557,16,0,0,18.988,1
73886787,18:08:00,18:08:00,8558,17,0,0,20.608,1
73886787,18:11:00,18:11:00,8559,18,0,0,22.913,1
73886787,18:14:00,18:14:00,8560,19,0,0,25.029,1
73886787,18:16:00,18:16:00,8561,20,0,0,26.713,1
73886787,18:18:00,18:18:00,9263,21,0,0,27.857,1
73886787,18:21:00,18:21:00,9264,22,0,0,29.879,1
73886787,18:23:00,18:23:00,9387,23,0,0,31.333,1
73886787,18:25:00,18:25:00,9392,24,0,0,32.799,1
73886787,18:27:00,18:27:00,9386,25,0,0,34.148,1
73886792,13:34:00,13:34:00,9390,1,0,0,0.000,1
73886792,13:36:00,13:36:00,9391,2,0,0,1.353,1
73886792,13:38:00,13:38:00,9261,3,0,0,2.810,1
73886792,13:40:00,13:40:00,9262,4,0,0,4.271,1
73886792,13:43:00,13:43:00,6801,5,0,0,6.289,1
73886792,13:45:00,13:45:00,6802,6,0,0,7.435,1
73886792,13:47:00,13:47:00,6803,7,0,0,9.117,1
73886792,13:50:00,13:50:00,6804,8,0,0,11.236,1
73886792,13:53:00,13:53:00,6805,9,0,0,13.537,1
73886792,13:56:00,13:56:00,6806,10,0,0,15.161,1
73886792,13:58:00,13:58:00,6807,11,0,0,15.883,1
73886792,14:02:00,14:02:00,6822,12,0,0,16.918,1
73886792,14:04:00,14:04:00,6823,13,0,0,17.456,0
73886792,14:06:00,14:06:00,6824,14,0,0,18.020,0
73886792,14:08:00,14:08:00,6825,15,0,0,18.410,1
73886792,14:12:00,14:12:00,6820,16,0,0,19.831,1
73886792,14:14:00,14:14:00,6819,17,0,0,20.825,1
73886792,14:16:00,14:16:00,6818,18,0,0,21.771,1
73886792,14:19:00,14:19:00,6817,19,0,0,23.010,1
73886792,14:21:00,14:21:00,6816,20,0,0,24.149,1
73886792,14:23:00,14:23:00,4934,21,0,0,25.090,1
73886792,14:26:00,14:26:00,4155,22,0,0,27.896,1
73886792,14:30:00,14:30:00,3816,23,0,0,31.755,1
73886792,14:34:00,14:34:00,3640,24,0,0,34.153,1
